%C0
M0 = [  -1    -1    -1;
     1    -1    -1;
    -1     1    -1;
     1     1    -1;
    -1    -1     1;
     1    -1     1;
    -1     1     1;
     1     1     1 ];

 %C1
M1 = [  -1     1    -1;
    -1    -1    -1;
     1     1    -1;
     1    -1    -1;
    -1     1     1;
    -1    -1     1;
     1     1     1;
     1    -1     1 ];

%C2
M = [    1    -1    -1;
     1     1    -1;
    -1    -1    -1;
    -1     1    -1;
     1    -1     1;
     1     1     1;
    -1    -1     1;
    -1     1     1 ];

 %C3
M = [    1     1    -1;
    -1     1    -1;
     1    -1    -1;
    -1    -1    -1;
     1     1     1;
    -1     1     1;
     1    -1     1;
    -1    -1     1 ];

%C4 
M = [    -1     1    -1;
     1     1    -1;
    -1     1     1;
     1     1     1;
    -1    -1    -1;
     1    -1    -1;
    -1    -1     1;
     1    -1     1];

 %C5
M = [    -1     1     1;
    -1     1    -1;
     1     1     1;
     1     1    -1;
    -1    -1     1;
    -1    -1    -1;
     1    -1     1;
     1    -1    -1];

 %C6
M = [    1     1    -1;
     1     1     1;
    -1     1    -1;
    -1     1     1;
     1    -1    -1;
     1    -1     1;
    -1    -1    -1;
    -1    -1     1];

 %C7
M = [   1     1     1;
    -1     1     1;
     1     1    -1;
    -1     1    -1;
     1    -1     1;
    -1    -1     1;
     1    -1    -1;
    -1    -1    -1];

 