
 
J1(:,:,1,1) = 
 
[   1/3*h,       0,       0, -1/12*h,       0, -1/12*h, -1/12*h, -1/12*h]
[       0,   1/3*h, -1/12*h,       0, -1/12*h,       0, -1/12*h, -1/12*h]
[       0, -1/12*h,   1/3*h,       0, -1/12*h, -1/12*h,       0, -1/12*h]
[ -1/12*h,       0,       0,   1/3*h, -1/12*h, -1/12*h, -1/12*h,       0]
[       0, -1/12*h, -1/12*h, -1/12*h,   1/3*h,       0,       0, -1/12*h]
[ -1/12*h,       0, -1/12*h, -1/12*h,       0,   1/3*h, -1/12*h,       0]
[ -1/12*h, -1/12*h,       0, -1/12*h,       0, -1/12*h,   1/3*h,       0]
[ -1/12*h, -1/12*h, -1/12*h,       0, -1/12*h,       0,       0,   1/3*h]
 
 
J1(:,:,2,1) = 
 
[  5/12*h, -1/24*h,  1/12*h, -1/12*h, -1/24*h,  -1/8*h, -1/12*h,  -1/8*h]
[ -1/24*h,   1/3*h, -1/24*h,       0, -1/12*h,       0, -1/12*h, -1/12*h]
[  1/12*h, -1/24*h,  1/12*h,       0, -1/24*h, -1/24*h,       0, -1/24*h]
[ -1/12*h,       0,       0,   1/3*h, -1/12*h, -1/12*h, -1/12*h,       0]
[ -1/24*h, -1/12*h, -1/24*h, -1/12*h,   1/3*h,       0,       0, -1/12*h]
[  -1/8*h,       0, -1/24*h, -1/12*h,       0,   1/3*h, -1/12*h,       0]
[ -1/12*h, -1/12*h,       0, -1/12*h,       0, -1/12*h,   1/3*h,       0]
[  -1/8*h, -1/12*h, -1/24*h,       0, -1/12*h,       0,       0,   1/3*h]
 
 
J1(:,:,3,1) = 
 
[  5/12*h,  1/12*h, -1/24*h, -1/12*h, -1/24*h, -1/12*h,  -1/8*h,  -1/8*h]
[  1/12*h,  1/12*h, -1/24*h,       0, -1/24*h,       0, -1/24*h, -1/24*h]
[ -1/24*h, -1/24*h,   1/3*h,       0, -1/12*h, -1/12*h,       0, -1/12*h]
[ -1/12*h,       0,       0,   1/3*h, -1/12*h, -1/12*h, -1/12*h,       0]
[ -1/24*h, -1/24*h, -1/12*h, -1/12*h,   1/3*h,       0,       0, -1/12*h]
[ -1/12*h,       0, -1/12*h, -1/12*h,       0,   1/3*h, -1/12*h,       0]
[  -1/8*h, -1/24*h,       0, -1/12*h,       0, -1/12*h,   1/3*h,       0]
[  -1/8*h, -1/24*h, -1/12*h,       0, -1/12*h,       0,       0,   1/3*h]
 
 
J1(:,:,4,1) = 
 
[ 11/24*h,  1/16*h,  1/16*h, -1/12*h, -1/12*h,  -1/8*h,  -1/8*h,  -1/6*h]
[  1/16*h,  1/12*h, -1/48*h,       0, -1/24*h,       0, -1/24*h, -1/24*h]
[  1/16*h, -1/48*h,  1/12*h,       0, -1/24*h, -1/24*h,       0, -1/24*h]
[ -1/12*h,       0,       0,   1/3*h, -1/12*h, -1/12*h, -1/12*h,       0]
[ -1/12*h, -1/24*h, -1/24*h, -1/12*h,   1/3*h,       0,       0, -1/12*h]
[  -1/8*h,       0, -1/24*h, -1/12*h,       0,   1/3*h, -1/12*h,       0]
[  -1/8*h, -1/24*h,       0, -1/12*h,       0, -1/12*h,   1/3*h,       0]
[  -1/6*h, -1/24*h, -1/24*h,       0, -1/12*h,       0,       0,   1/3*h]
 
 
J1(:,:,5,1) = 
 
[  5/12*h, -1/24*h, -1/24*h,  -1/8*h,  1/12*h, -1/12*h, -1/12*h,  -1/8*h]
[ -1/24*h,   1/3*h, -1/12*h,       0, -1/24*h,       0, -1/12*h, -1/12*h]
[ -1/24*h, -1/12*h,   1/3*h,       0, -1/24*h, -1/12*h,       0, -1/12*h]
[  -1/8*h,       0,       0,   1/3*h, -1/24*h, -1/12*h, -1/12*h,       0]
[  1/12*h, -1/24*h, -1/24*h, -1/24*h,  1/12*h,       0,       0, -1/24*h]
[ -1/12*h,       0, -1/12*h, -1/12*h,       0,   1/3*h, -1/12*h,       0]
[ -1/12*h, -1/12*h,       0, -1/12*h,       0, -1/12*h,   1/3*h,       0]
[  -1/8*h, -1/12*h, -1/12*h,       0, -1/24*h,       0,       0,   1/3*h]
 
 
J1(:,:,6,1) = 
 
[ 11/24*h, -1/12*h,  1/16*h,  -1/8*h,  1/16*h,  -1/8*h, -1/12*h,  -1/6*h]
[ -1/12*h,   1/3*h, -1/24*h,       0, -1/24*h,       0, -1/12*h, -1/12*h]
[  1/16*h, -1/24*h,  1/12*h,       0, -1/48*h, -1/24*h,       0, -1/24*h]
[  -1/8*h,       0,       0,   1/3*h, -1/24*h, -1/12*h, -1/12*h,       0]
[  1/16*h, -1/24*h, -1/48*h, -1/24*h,  1/12*h,       0,       0, -1/24*h]
[  -1/8*h,       0, -1/24*h, -1/12*h,       0,   1/3*h, -1/12*h,       0]
[ -1/12*h, -1/12*h,       0, -1/12*h,       0, -1/12*h,   1/3*h,       0]
[  -1/6*h, -1/12*h, -1/24*h,       0, -1/24*h,       0,       0,   1/3*h]
 
 
J1(:,:,7,1) = 
 
[ 11/24*h,  1/16*h, -1/12*h,  -1/8*h,  1/16*h, -1/12*h,  -1/8*h,  -1/6*h]
[  1/16*h,  1/12*h, -1/24*h,       0, -1/48*h,       0, -1/24*h, -1/24*h]
[ -1/12*h, -1/24*h,   1/3*h,       0, -1/24*h, -1/12*h,       0, -1/12*h]
[  -1/8*h,       0,       0,   1/3*h, -1/24*h, -1/12*h, -1/12*h,       0]
[  1/16*h, -1/48*h, -1/24*h, -1/24*h,  1/12*h,       0,       0, -1/24*h]
[ -1/12*h,       0, -1/12*h, -1/12*h,       0,   1/3*h, -1/12*h,       0]
[  -1/8*h, -1/24*h,       0, -1/12*h,       0, -1/12*h,   1/3*h,       0]
[  -1/6*h, -1/24*h, -1/12*h,       0, -1/24*h,       0,       0,   1/3*h]
 
 
J1(:,:,8,1) = 
 
[ 11/24*h,  1/24*h,  1/24*h,  -1/8*h,  1/24*h,  -1/8*h,  -1/8*h, -5/24*h]
[  1/24*h,  1/12*h, -1/48*h,       0, -1/48*h,       0, -1/24*h, -1/24*h]
[  1/24*h, -1/48*h,  1/12*h,       0, -1/48*h, -1/24*h,       0, -1/24*h]
[  -1/8*h,       0,       0,   1/3*h, -1/24*h, -1/12*h, -1/12*h,       0]
[  1/24*h, -1/48*h, -1/48*h, -1/24*h,  1/12*h,       0,       0, -1/24*h]
[  -1/8*h,       0, -1/24*h, -1/12*h,       0,   1/3*h, -1/12*h,       0]
[  -1/8*h, -1/24*h,       0, -1/12*h,       0, -1/12*h,   1/3*h,       0]
[ -5/24*h, -1/24*h, -1/24*h,       0, -1/24*h,       0,       0,   1/3*h]
 
 
J1(:,:,9,1) = 
 
[  7/16*h,  1/16*h,  1/16*h,       0, -5/48*h, -7/48*h, -7/48*h,  -1/6*h]
[  1/16*h,  5/48*h,       0,  1/48*h, -1/16*h, -1/48*h, -1/16*h, -1/24*h]
[  1/16*h,       0,  5/48*h,  1/48*h, -1/16*h, -1/16*h, -1/48*h, -1/24*h]
[       0,  1/48*h,  1/48*h,  1/48*h, -1/48*h, -1/48*h, -1/48*h,       0]
[ -5/48*h, -1/16*h, -1/16*h, -1/48*h,   1/3*h,       0,       0, -1/12*h]
[ -7/48*h, -1/48*h, -1/16*h, -1/48*h,       0,   1/3*h, -1/12*h,       0]
[ -7/48*h, -1/16*h, -1/48*h, -1/48*h,       0, -1/12*h,   1/3*h,       0]
[  -1/6*h, -1/24*h, -1/24*h,       0, -1/12*h,       0,       0,   1/3*h]
 
 
J1(:,:,10,1) = 
 
[  5/12*h,  1/32*h,  1/32*h, -1/96*h,  1/32*h, -7/48*h, -7/48*h, -5/24*h]
[  1/32*h,  5/48*h,       0,  1/48*h, -1/32*h, -1/48*h, -1/16*h, -1/24*h]
[  1/32*h,       0,  5/48*h,  1/48*h, -1/32*h, -1/16*h, -1/48*h, -1/24*h]
[ -1/96*h,  1/48*h,  1/48*h,  1/48*h, -1/96*h, -1/48*h, -1/48*h,       0]
[  1/32*h, -1/32*h, -1/32*h, -1/96*h,  1/12*h,       0,       0, -1/24*h]
[ -7/48*h, -1/48*h, -1/16*h, -1/48*h,       0,   1/3*h, -1/12*h,       0]
[ -7/48*h, -1/16*h, -1/48*h, -1/48*h,       0, -1/12*h,   1/3*h,       0]
[ -5/24*h, -1/24*h, -1/24*h,       0, -1/24*h,       0,       0,   1/3*h]
 
 
J1(:,:,11,1) = 
 
[  7/16*h, -5/48*h,  1/16*h, -7/48*h,  1/16*h, -7/48*h,       0,  -1/6*h]
[ -5/48*h,   1/3*h, -1/16*h,       0, -1/16*h,       0, -1/48*h, -1/12*h]
[  1/16*h, -1/16*h,  5/48*h, -1/48*h,       0, -1/16*h,  1/48*h, -1/24*h]
[ -7/48*h,       0, -1/48*h,   1/3*h, -1/16*h, -1/12*h, -1/48*h,       0]
[  1/16*h, -1/16*h,       0, -1/16*h,  5/48*h, -1/48*h,  1/48*h, -1/24*h]
[ -7/48*h,       0, -1/16*h, -1/12*h, -1/48*h,   1/3*h, -1/48*h,       0]
[       0, -1/48*h,  1/48*h, -1/48*h,  1/48*h, -1/48*h,  1/48*h,       0]
[  -1/6*h, -1/12*h, -1/24*h,       0, -1/24*h,       0,       0,   1/3*h]
 
 
J1(:,:,12,1) = 
 
[  5/12*h,  1/32*h,  1/32*h, -7/48*h,  1/32*h, -7/48*h, -1/96*h, -5/24*h]
[  1/32*h,  1/12*h, -1/32*h,       0, -1/32*h,       0, -1/96*h, -1/24*h]
[  1/32*h, -1/32*h,  5/48*h, -1/48*h,       0, -1/16*h,  1/48*h, -1/24*h]
[ -7/48*h,       0, -1/48*h,   1/3*h, -1/16*h, -1/12*h, -1/48*h,       0]
[  1/32*h, -1/32*h,       0, -1/16*h,  5/48*h, -1/48*h,  1/48*h, -1/24*h]
[ -7/48*h,       0, -1/16*h, -1/12*h, -1/48*h,   1/3*h, -1/48*h,       0]
[ -1/96*h, -1/96*h,  1/48*h, -1/48*h,  1/48*h, -1/48*h,  1/48*h,       0]
[ -5/24*h, -1/24*h, -1/24*h,       0, -1/24*h,       0,       0,   1/3*h]
 
 
J1(:,:,13,1) = 
 
[  35/96*h,   1/64*h,   1/96*h,  -1/64*h,   1/64*h,   -1/6*h,  -1/64*h,  -5/24*h]
[   1/64*h,   5/48*h,  -1/64*h,   1/48*h,  -3/64*h,  -1/48*h,  -1/64*h,  -1/24*h]
[   1/96*h,  -1/64*h,  11/96*h,   1/64*h,  -1/64*h,  -1/12*h,   1/64*h,  -1/24*h]
[  -1/64*h,   1/48*h,   1/64*h,   1/48*h,  -1/64*h,  -1/48*h, -1/192*h,        0]
[   1/64*h,  -3/64*h,  -1/64*h,  -1/64*h,   5/48*h,  -1/48*h,   1/48*h,  -1/24*h]
[   -1/6*h,  -1/48*h,  -1/12*h,  -1/48*h,  -1/48*h,    1/3*h,  -1/48*h,        0]
[  -1/64*h,  -1/64*h,   1/64*h, -1/192*h,   1/48*h,  -1/48*h,   1/48*h,        0]
