

0.296296296296296 0.148148148148148 0.148148148148148 0.074074074074074 0.148148148148148 0.074074074074074 0.074074074074074 0.037037037037037 
0.148148148148148 0.296296296296296 0.074074074074074 0.148148148148148 0.074074074074074 0.148148148148148 0.037037037037037 0.074074074074074 
0.148148148148148 0.074074074074074 0.296296296296296 0.148148148148148 0.074074074074074 0.037037037037037 0.148148148148148 0.074074074074074 
0.074074074074074 0.148148148148148 0.148148148148148 0.296296296296296 0.037037037037037 0.074074074074074 0.074074074074074 0.148148148148148 
0.148148148148148 0.074074074074074 0.074074074074074 0.037037037037037 0.296296296296296 0.148148148148148 0.148148148148148 0.074074074074074 
0.074074074074074 0.148148148148148 0.037037037037037 0.074074074074074 0.148148148148148 0.296296296296296 0.074074074074074 0.148148148148148 
0.074074074074074 0.037037037037037 0.148148148148148 0.074074074074074 0.148148148148148 0.074074074074074 0.296296296296296 0.148148148148148 
0.037037037037037 0.074074074074074 0.074074074074074 0.148148148148148 0.074074074074074 0.148148148148148 0.148148148148148 0.296296296296296 

0.518518518518519 0.185185185185185 0.148148148148148 0.148148148148148 0.185185185185185 0.092592592592593 0.148148148148148 0.074074074074074 
0.185185185185185 0.296296296296296 0.037037037037037 0.148148148148148 0.074074074074074 0.148148148148148 0.037037037037037 0.074074074074074 
0.148148148148148 0.037037037037037 0.074074074074074 0.074074074074074 0.037037037037037 0.018518518518519 0.074074074074074 0.037037037037037 
0.148148148148148 0.148148148148148 0.074074074074074 0.296296296296296 0.037037037037037 0.074074074074074 0.074074074074074 0.148148148148148 
0.185185185185185 0.074074074074074 0.037037037037037 0.037037037037037 0.296296296296296 0.148148148148148 0.148148148148148 0.074074074074074 
0.092592592592593 0.148148148148148 0.018518518518519 0.074074074074074 0.148148148148148 0.296296296296296 0.074074074074074 0.148148148148148 
0.148148148148148 0.037037037037037 0.074074074074074 0.074074074074074 0.148148148148148 0.074074074074074 0.296296296296296 0.148148148148148 
0.074074074074074 0.074074074074074 0.037037037037037 0.148148148148148 0.074074074074074 0.148148148148148 0.148148148148148 0.296296296296296 

0.518518518518519 0.148148148148148 0.185185185185185 0.148148148148148 0.185185185185185 0.148148148148148 0.092592592592593 0.074074074074074 
0.148148148148148 0.074074074074074 0.037037037037037 0.074074074074074 0.037037037037037 0.074074074074074 0.018518518518519 0.037037037037037 
0.185185185185185 0.037037037037037 0.296296296296296 0.148148148148148 0.074074074074074 0.037037037037037 0.148148148148148 0.074074074074074 
0.148148148148148 0.074074074074074 0.148148148148148 0.296296296296296 0.037037037037037 0.074074074074074 0.074074074074074 0.148148148148148 
0.185185185185185 0.037037037037037 0.074074074074074 0.037037037037037 0.296296296296296 0.148148148148148 0.148148148148148 0.074074074074074 
0.148148148148148 0.074074074074074 0.037037037037037 0.074074074074074 0.148148148148148 0.296296296296296 0.074074074074074 0.148148148148148 
0.092592592592593 0.018518518518519 0.148148148148148 0.074074074074074 0.148148148148148 0.074074074074074 0.296296296296296 0.148148148148148 
0.074074074074074 0.037037037037037 0.074074074074074 0.148148148148148 0.074074074074074 0.148148148148148 0.148148148148148 0.296296296296296 

0.777777777777778 0.166666666666667 0.166666666666667 0.222222222222222 0.222222222222222 0.166666666666667 0.166666666666667 0.111111111111111 
0.166666666666667 0.074074074074074 0.018518518518519 0.074074074074074 0.037037037037037 0.074074074074074 0.018518518518519 0.037037037037037 
0.166666666666667 0.018518518518519 0.074074074074074 0.074074074074074 0.037037037037037 0.018518518518519 0.074074074074074 0.037037037037037 
0.222222222222222 0.074074074074074 0.074074074074074 0.296296296296296 0.037037037037037 0.074074074074074 0.074074074074074 0.148148148148148 
0.222222222222222 0.037037037037037 0.037037037037037 0.037037037037037 0.296296296296296 0.148148148148148 0.148148148148148 0.074074074074074 
0.166666666666667 0.074074074074074 0.018518518518519 0.074074074074074 0.148148148148148 0.296296296296296 0.074074074074074 0.148148148148148 
0.166666666666667 0.018518518518519 0.074074074074074 0.074074074074074 0.148148148148148 0.074074074074074 0.296296296296296 0.148148148148148 
0.111111111111111 0.037037037037037 0.037037037037037 0.148148148148148 0.074074074074074 0.148148148148148 0.148148148148148 0.296296296296296 

0.518518518518519 0.185185185185185 0.185185185185185 0.092592592592593 0.148148148148148 0.148148148148148 0.148148148148148 0.074074074074074 
0.185185185185185 0.296296296296296 0.074074074074074 0.148148148148148 0.037037037037037 0.148148148148148 0.037037037037037 0.074074074074074 
0.185185185185185 0.074074074074074 0.296296296296296 0.148148148148148 0.037037037037037 0.037037037037037 0.148148148148148 0.074074074074074 
0.092592592592593 0.148148148148148 0.148148148148148 0.296296296296296 0.018518518518519 0.074074074074074 0.074074074074074 0.148148148148148 
0.148148148148148 0.037037037037037 0.037037037037037 0.018518518518519 0.074074074074074 0.074074074074074 0.074074074074074 0.037037037037037 
0.148148148148148 0.148148148148148 0.037037037037037 0.074074074074074 0.074074074074074 0.296296296296296 0.074074074074074 0.148148148148148 
0.148148148148148 0.037037037037037 0.148148148148148 0.074074074074074 0.074074074074074 0.074074074074074 0.296296296296296 0.148148148148148 
0.074074074074074 0.074074074074074 0.074074074074074 0.148148148148148 0.037037037037037 0.148148148148148 0.148148148148148 0.296296296296296 

0.777777777777778 0.222222222222222 0.166666666666667 0.166666666666667 0.166666666666667 0.166666666666667 0.222222222222222 0.111111111111111 
0.222222222222222 0.296296296296296 0.037037037037037 0.148148148148148 0.037037037037037 0.148148148148148 0.037037037037037 0.074074074074074 
0.166666666666667 0.037037037037037 0.074074074074074 0.074074074074074 0.018518518518519 0.018518518518519 0.074074074074074 0.037037037037037 
0.166666666666667 0.148148148148148 0.074074074074074 0.296296296296296 0.018518518518519 0.074074074074074 0.074074074074074 0.148148148148148 
0.166666666666667 0.037037037037037 0.018518518518519 0.018518518518519 0.074074074074074 0.074074074074074 0.074074074074074 0.037037037037037 
0.166666666666667 0.148148148148148 0.018518518518519 0.074074074074074 0.074074074074074 0.296296296296296 0.074074074074074 0.148148148148148 
0.222222222222222 0.037037037037037 0.074074074074074 0.074074074074074 0.074074074074074 0.074074074074074 0.296296296296296 0.148148148148148 
0.111111111111111 0.074074074074074 0.037037037037037 0.148148148148148 0.037037037037037 0.148148148148148 0.148148148148148 0.296296296296296 

0.777777777777778 0.166666666666667 0.222222222222222 0.166666666666667 0.166666666666667 0.222222222222222 0.166666666666667 0.111111111111111 
0.166666666666667 0.074074074074074 0.037037037037037 0.074074074074074 0.018518518518519 0.074074074074074 0.018518518518519 0.037037037037037 
0.222222222222222 0.037037037037037 0.296296296296296 0.148148148148148 0.037037037037037 0.037037037037037 0.148148148148148 0.074074074074074 
0.166666666666667 0.074074074074074 0.148148148148148 0.296296296296296 0.018518518518519 0.074074074074074 0.074074074074074 0.148148148148148 
0.166666666666667 0.018518518518519 0.037037037037037 0.018518518518519 0.074074074074074 0.074074074074074 0.074074074074074 0.037037037037037 
0.222222222222222 0.074074074074074 0.037037037037037 0.074074074074074 0.074074074074074 0.296296296296296 0.074074074074074 0.148148148148148 
0.166666666666667 0.018518518518519 0.148148148148148 0.074074074074074 0.074074074074074 0.074074074074074 0.296296296296296 0.148148148148148 
0.111111111111111 0.037037037037037 0.074074074074074 0.148148148148148 0.037037037037037 0.148148148148148 0.148148148148148 0.296296296296296 

1.074074074074074 0.185185185185185 0.185185185185185 0.240740740740741 0.185185185185185 0.240740740740741 0.240740740740741 0.148148148148148 
0.185185185185185 0.074074074074074 0.018518518518519 0.074074074074074 0.018518518518519 0.074074074074074 0.018518518518519 0.037037037037037 
0.185185185185185 0.018518518518519 0.074074074074074 0.074074074074074 0.018518518518519 0.018518518518519 0.074074074074074 0.037037037037037 
0.240740740740741 0.074074074074074 0.074074074074074 0.296296296296296 0.018518518518519 0.074074074074074 0.074074074074074 0.148148148148148 
0.185185185185185 0.018518518518519 0.018518518518519 0.018518518518519 0.074074074074074 0.074074074074074 0.074074074074074 0.037037037037037 
0.240740740740741 0.074074074074074 0.018518518518519 0.074074074074074 0.074074074074074 0.296296296296296 0.074074074074074 0.148148148148148 
0.240740740740741 0.018518518518519 0.074074074074074 0.074074074074074 0.074074074074074 0.074074074074074 0.296296296296296 0.148148148148148 
0.148148148148148 0.037037037037037 0.037037037037037 0.148148148148148 0.037037037037037 0.148148148148148 0.148148148148148 0.296296296296296 

0.907407407407407 0.259259259259259 0.259259259259259 0.074074074074074 0.231481481481481 0.185185185185185 0.185185185185185 0.148148148148148 
0.259259259259259 0.129629629629630 0.074074074074074 0.037037037037037 0.046296296296296 0.092592592592593 0.037037037037037 0.074074074074074 
0.259259259259259 0.074074074074074 0.129629629629630 0.037037037037037 0.046296296296296 0.037037037037037 0.092592592592593 0.074074074074074 
0.074074074074074 0.037037037037037 0.037037037037037 0.018518518518519 0.009259259259259 0.018518518518519 0.018518518518519 0.037037037037037 
0.231481481481481 0.046296296296296 0.046296296296296 0.009259259259259 0.296296296296296 0.148148148148148 0.148148148148148 0.074074074074074 
0.185185185185185 0.092592592592593 0.037037037037037 0.018518518518519 0.148148148148148 0.296296296296296 0.074074074074074 0.148148148148148 
0.185185185185185 0.037037037037037 0.092592592592593 0.018518518518519 0.148148148148148 0.074074074074074 0.296296296296296 0.148148148148148 
0.148148148148148 0.074074074074074 0.074074074074074 0.037037037037037 0.074074074074074 0.148148148148148 0.148148148148148 0.296296296296296 

1.212962962962963 0.282407407407407 0.282407407407407 0.078703703703704 0.189814814814815 0.259259259259259 0.259259259259259 0.185185185185185 
0.282407407407407 0.129629629629630 0.074074074074074 0.037037037037037 0.023148148148148 0.092592592592593 0.037037037037037 0.074074074074074 
0.282407407407407 0.074074074074074 0.129629629629630 0.037037037037037 0.023148148148148 0.037037037037037 0.092592592592593 0.074074074074074 
0.078703703703704 0.037037037037037 0.037037037037037 0.018518518518519 0.004629629629630 0.018518518518519 0.018518518518519 0.037037037037037 
0.189814814814815 0.023148148148148 0.023148148148148 0.004629629629630 0.074074074074074 0.074074074074074 0.074074074074074 0.037037037037037 
0.259259259259259 0.092592592592593 0.037037037037037 0.018518518518519 0.074074074074074 0.296296296296296 0.074074074074074 0.148148148148148 
0.259259259259259 0.037037037037037 0.092592592592593 0.018518518518519 0.074074074074074 0.074074074074074 0.296296296296296 0.148148148148148 
0.185185185185185 0.074074074074074 0.074074074074074 0.037037037037037 0.037037037037037 0.148148148148148 0.148148148148148 0.296296296296296 

0.907407407407407 0.231481481481481 0.259259259259259 0.185185185185185 0.259259259259259 0.185185185185185 0.074074074074074 0.148148148148148 
0.231481481481481 0.296296296296296 0.046296296296296 0.148148148148148 0.046296296296296 0.148148148148148 0.009259259259259 0.074074074074074 
0.259259259259259 0.046296296296296 0.129629629629630 0.092592592592593 0.074074074074074 0.037037037037037 0.037037037037037 0.074074074074074 
0.185185185185185 0.148148148148148 0.092592592592593 0.296296296296296 0.037037037037037 0.074074074074074 0.018518518518519 0.148148148148148 
0.259259259259259 0.046296296296296 0.074074074074074 0.037037037037037 0.129629629629630 0.092592592592593 0.037037037037037 0.074074074074074 
0.185185185185185 0.148148148148148 0.037037037037037 0.074074074074074 0.092592592592593 0.296296296296296 0.018518518518519 0.148148148148148 
0.074074074074074 0.009259259259259 0.037037037037037 0.018518518518519 0.037037037037037 0.018518518518519 0.018518518518519 0.037037037037037 
0.148148148148148 0.074074074074074 0.074074074074074 0.148148148148148 0.074074074074074 0.148148148148148 0.037037037037037 0.296296296296296 

1.212962962962963 0.189814814814815 0.282407407407407 0.259259259259259 0.282407407407407 0.259259259259259 0.078703703703704 0.185185185185185 
0.189814814814815 0.074074074074074 0.023148148148148 0.074074074074074 0.023148148148148 0.074074074074074 0.004629629629630 0.037037037037037 
0.282407407407407 0.023148148148148 0.129629629629630 0.092592592592593 0.074074074074074 0.037037037037037 0.037037037037037 0.074074074074074 
0.259259259259259 0.074074074074074 0.092592592592593 0.296296296296296 0.037037037037037 0.074074074074074 0.018518518518519 0.148148148148148 
0.282407407407407 0.023148148148148 0.074074074074074 0.037037037037037 0.129629629629630 0.092592592592593 0.037037037037037 0.074074074074074 
0.259259259259259 0.074074074074074 0.037037037037037 0.074074074074074 0.092592592592593 0.296296296296296 0.018518518518519 0.148148148148148 
0.078703703703704 0.004629629629630 0.037037037037037 0.018518518518519 0.037037037037037 0.018518518518519 0.018518518518519 0.037037037037037 
0.185185185185185 0.037037037037037 0.074074074074074 0.148148148148148 0.074074074074074 0.148148148148148 0.037037037037037 0.296296296296296 

1.361111111111111 0.291666666666667 0.388888888888889 0.083333333333333 0.291666666666667 0.277777777777778 0.083333333333333 0.222222222222222 
0.291666666666667 0.129629629629630 0.083333333333333 0.037037037037037 0.032407407407407 0.092592592592593 0.009259259259259 0.074074074074074 
0.388888888888889 0.083333333333333 0.194444444444444 0.041666666666667 0.083333333333333 0.055555555555556 0.041666666666667 0.111111111111111 
0.083333333333333 0.037037037037037 0.041666666666667 0.018518518518519 0.009259259259259 0.018518518518519 0.004629629629630 0.037037037037037 
0.291666666666667 0.032407407407407 0.083333333333333 0.009259259259259 0.129629629629630 0.092592592592593 0.037037037037037 0.074074074074074 
0.277777777777778 0.092592592592593 0.055555555555556 0.018518518518519 0.092592592592593 0.296296296296296 0.018518518518519 0.148148148148148 
0.083333333333333 0.009259259259259 0.041666666666667 0.004629629629630 0.037037037037037 0.018518518518519 0.018518518518519 0.037037037037037 
0.222222222222222 0.074074074074074 0.111111111111111 0.037037037037037 0.074074074074074 0.148148148148148 0.037037037037037 0.296296296296296 

0.907407407407407 0.259259259259259 0.231481481481481 0.185185185185185 0.259259259259259 0.074074074074074 0.185185185185185 0.148148148148148 
0.259259259259259 0.129629629629630 0.046296296296296 0.092592592592593 0.074074074074074 0.037037037037037 0.037037037037037 0.074074074074074 
0.231481481481481 0.046296296296296 0.296296296296296 0.148148148148148 0.046296296296296 0.009259259259259 0.148148148148148 0.074074074074074 
0.185185185185185 0.092592592592593 0.148148148148148 0.296296296296296 0.037037037037037 0.018518518518519 0.074074074074074 0.148148148148148 
0.259259259259259 0.074074074074074 0.046296296296296 0.037037037037037 0.129629629629630 0.037037037037037 0.092592592592593 0.074074074074074 
0.074074074074074 0.037037037037037 0.009259259259259 0.018518518518519 0.037037037037037 0.018518518518519 0.018518518518519 0.037037037037037 
0.185185185185185 0.037037037037037 0.148148148148148 0.074074074074074 0.092592592592593 0.018518518518519 0.296296296296296 0.148148148148148 
0.148148148148148 0.074074074074074 0.074074074074074 0.148148148148148 0.074074074074074 0.037037037037037 0.148148148148148 0.296296296296296 

1.212962962962963 0.282407407407407 0.189814814814815 0.259259259259259 0.282407407407407 0.078703703703704 0.259259259259259 0.185185185185185 
0.282407407407407 0.129629629629630 0.023148148148148 0.092592592592593 0.074074074074074 0.037037037037037 0.037037037037037 0.074074074074074 
0.189814814814815 0.023148148148148 0.074074074074074 0.074074074074074 0.023148148148148 0.004629629629630 0.074074074074074 0.037037037037037 
0.259259259259259 0.092592592592593 0.074074074074074 0.296296296296296 0.037037037037037 0.018518518518519 0.074074074074074 0.148148148148148 
0.282407407407407 0.074074074074074 0.023148148148148 0.037037037037037 0.129629629629630 0.037037037037037 0.092592592592593 0.074074074074074 
0.078703703703704 0.037037037037037 0.004629629629630 0.018518518518519 0.037037037037037 0.018518518518519 0.018518518518519 0.037037037037037 
0.259259259259259 0.037037037037037 0.074074074074074 0.074074074074074 0.092592592592593 0.018518518518519 0.296296296296296 0.148148148148148 
0.185185185185185 0.074074074074074 0.037037037037037 0.148148148148148 0.074074074074074 0.037037037037037 0.148148148148148 0.296296296296296 

1.361111111111111 0.388888888888889 0.291666666666667 0.083333333333333 0.291666666666667 0.083333333333333 0.277777777777778 0.222222222222222 
0.388888888888889 0.194444444444444 0.083333333333333 0.041666666666667 0.083333333333333 0.041666666666667 0.055555555555556 0.111111111111111 
0.291666666666667 0.083333333333333 0.129629629629630 0.037037037037037 0.032407407407407 0.009259259259259 0.092592592592593 0.074074074074074 
0.083333333333333 0.041666666666667 0.037037037037037 0.018518518518519 0.009259259259259 0.004629629629630 0.018518518518519 0.037037037037037 
0.291666666666667 0.083333333333333 0.032407407407407 0.009259259259259 0.129629629629630 0.037037037037037 0.092592592592593 0.074074074074074 
0.083333333333333 0.041666666666667 0.009259259259259 0.004629629629630 0.037037037037037 0.018518518518519 0.018518518518519 0.037037037037037 
0.277777777777778 0.055555555555556 0.092592592592593 0.018518518518519 0.092592592592593 0.018518518518519 0.296296296296296 0.148148148148148 
0.222222222222222 0.111111111111111 0.074074074074074 0.037037037037037 0.074074074074074 0.037037037037037 0.148148148148148 0.296296296296296 

1.361111111111111 0.291666666666667 0.291666666666667 0.277777777777778 0.388888888888889 0.083333333333333 0.083333333333333 0.222222222222222 
0.291666666666667 0.129629629629630 0.032407407407407 0.092592592592593 0.083333333333333 0.037037037037037 0.009259259259259 0.074074074074074 
0.291666666666667 0.032407407407407 0.129629629629630 0.092592592592593 0.083333333333333 0.009259259259259 0.037037037037037 0.074074074074074 
0.277777777777778 0.092592592592593 0.092592592592593 0.296296296296296 0.055555555555556 0.018518518518519 0.018518518518519 0.148148148148148 
0.388888888888889 0.083333333333333 0.083333333333333 0.055555555555556 0.194444444444444 0.041666666666667 0.041666666666667 0.111111111111111 
0.083333333333333 0.037037037037037 0.009259259259259 0.018518518518519 0.041666666666667 0.018518518518519 0.004629629629630 0.037037037037037 
0.083333333333333 0.009259259259259 0.037037037037037 0.018518518518519 0.041666666666667 0.004629629629630 0.018518518518519 0.037037037037037 
0.222222222222222 0.074074074074074 0.074074074074074 0.148148148148148 0.111111111111111 0.037037037037037 0.037037037037037 0.296296296296296 

1.518518518518518 0.402777777777778 0.402777777777778 0.087962962962963 0.402777777777778 0.087962962962963 0.087962962962963 0.259259259259259 
0.402777777777778 0.194444444444444 0.097222222222222 0.041666666666667 0.097222222222222 0.041666666666667 0.013888888888889 0.111111111111111 
0.402777777777778 0.097222222222222 0.194444444444444 0.041666666666667 0.097222222222222 0.013888888888889 0.041666666666667 0.111111111111111 
0.087962962962963 0.041666666666667 0.041666666666667 0.018518518518519 0.013888888888889 0.004629629629630 0.004629629629630 0.037037037037037 
0.402777777777778 0.097222222222222 0.097222222222222 0.013888888888889 0.194444444444444 0.041666666666667 0.041666666666667 0.111111111111111 
0.087962962962963 0.041666666666667 0.013888888888889 0.004629629629630 0.041666666666667 0.018518518518519 0.004629629629630 0.037037037037037 
0.087962962962963 0.013888888888889 0.041666666666667 0.004629629629630 0.041666666666667 0.004629629629630 0.018518518518519 0.037037037037037 
0.259259259259259 0.111111111111111 0.111111111111111 0.037037037037037 0.111111111111111 0.037037037037037 0.037037037037037 0.296296296296296 


0.296296296296296 0.148148148148148 0.148148148148148 0.074074074074074 0.148148148148148 0.074074074074074 0.074074074074074 0.037037037037037 
0.148148148148148 0.296296296296296 0.074074074074074 0.148148148148148 0.074074074074074 0.148148148148148 0.037037037037037 0.074074074074074 
0.148148148148148 0.074074074074074 0.296296296296296 0.148148148148148 0.074074074074074 0.037037037037037 0.148148148148148 0.074074074074074 
0.074074074074074 0.148148148148148 0.148148148148148 0.296296296296296 0.037037037037037 0.074074074074074 0.074074074074074 0.148148148148148 
0.148148148148148 0.074074074074074 0.074074074074074 0.037037037037037 0.296296296296296 0.148148148148148 0.148148148148148 0.074074074074074 
0.074074074074074 0.148148148148148 0.037037037037037 0.074074074074074 0.148148148148148 0.296296296296296 0.074074074074074 0.148148148148148 
0.074074074074074 0.037037037037037 0.148148148148148 0.074074074074074 0.148148148148148 0.074074074074074 0.296296296296296 0.148148148148148 
0.037037037037037 0.074074074074074 0.074074074074074 0.148148148148148 0.074074074074074 0.148148148148148 0.148148148148148 0.296296296296296 

0.074074074074074 0.148148148148148 0.074074074074074 0.037037037037037 0.074074074074074 0.037037037037037 0.037037037037037 0.018518518518519 
0.148148148148148 0.518518518518519 0.148148148148148 0.185185185185185 0.148148148148148 0.185185185185185 0.074074074074074 0.092592592592593 
0.074074074074074 0.148148148148148 0.296296296296296 0.148148148148148 0.074074074074074 0.037037037037037 0.148148148148148 0.074074074074074 
0.037037037037037 0.185185185185185 0.148148148148148 0.296296296296296 0.037037037037037 0.074074074074074 0.074074074074074 0.148148148148148 
0.074074074074074 0.148148148148148 0.074074074074074 0.037037037037037 0.296296296296296 0.148148148148148 0.148148148148148 0.074074074074074 
0.037037037037037 0.185185185185185 0.037037037037037 0.074074074074074 0.148148148148148 0.296296296296296 0.074074074074074 0.148148148148148 
0.037037037037037 0.074074074074074 0.148148148148148 0.074074074074074 0.148148148148148 0.074074074074074 0.296296296296296 0.148148148148148 
0.018518518518519 0.092592592592593 0.074074074074074 0.148148148148148 0.074074074074074 0.148148148148148 0.148148148148148 0.296296296296296 

0.296296296296296 0.185185185185185 0.148148148148148 0.037037037037037 0.148148148148148 0.074074074074074 0.074074074074074 0.037037037037037 
0.185185185185185 0.518518518518519 0.148148148148148 0.148148148148148 0.092592592592593 0.185185185185185 0.074074074074074 0.148148148148148 
0.148148148148148 0.148148148148148 0.296296296296296 0.074074074074074 0.074074074074074 0.037037037037037 0.148148148148148 0.074074074074074 
0.037037037037037 0.148148148148148 0.074074074074074 0.074074074074074 0.018518518518519 0.037037037037037 0.037037037037037 0.074074074074074 
0.148148148148148 0.092592592592593 0.074074074074074 0.018518518518519 0.296296296296296 0.148148148148148 0.148148148148148 0.074074074074074 
0.074074074074074 0.185185185185185 0.037037037037037 0.037037037037037 0.148148148148148 0.296296296296296 0.074074074074074 0.148148148148148 
0.074074074074074 0.074074074074074 0.148148148148148 0.037037037037037 0.148148148148148 0.074074074074074 0.296296296296296 0.148148148148148 
0.037037037037037 0.148148148148148 0.074074074074074 0.074074074074074 0.074074074074074 0.148148148148148 0.148148148148148 0.296296296296296 

0.074074074074074 0.166666666666667 0.074074074074074 0.018518518518519 0.074074074074074 0.037037037037037 0.037037037037037 0.018518518518519 
0.166666666666667 0.777777777777778 0.222222222222222 0.166666666666667 0.166666666666667 0.222222222222222 0.111111111111111 0.166666666666667 
0.074074074074074 0.222222222222222 0.296296296296296 0.074074074074074 0.074074074074074 0.037037037037037 0.148148148148148 0.074074074074074 
0.018518518518519 0.166666666666667 0.074074074074074 0.074074074074074 0.018518518518519 0.037037037037037 0.037037037037037 0.074074074074074 
0.074074074074074 0.166666666666667 0.074074074074074 0.018518518518519 0.296296296296296 0.148148148148148 0.148148148148148 0.074074074074074 
0.037037037037037 0.222222222222222 0.037037037037037 0.037037037037037 0.148148148148148 0.296296296296296 0.074074074074074 0.148148148148148 
0.037037037037037 0.111111111111111 0.148148148148148 0.037037037037037 0.148148148148148 0.074074074074074 0.296296296296296 0.148148148148148 
0.018518518518519 0.166666666666667 0.074074074074074 0.074074074074074 0.074074074074074 0.148148148148148 0.148148148148148 0.296296296296296 

0.296296296296296 0.185185185185185 0.148148148148148 0.074074074074074 0.148148148148148 0.037037037037037 0.074074074074074 0.037037037037037 
0.185185185185185 0.518518518518519 0.092592592592593 0.185185185185185 0.148148148148148 0.148148148148148 0.074074074074074 0.148148148148148 
0.148148148148148 0.092592592592593 0.296296296296296 0.148148148148148 0.074074074074074 0.018518518518519 0.148148148148148 0.074074074074074 
0.074074074074074 0.185185185185185 0.148148148148148 0.296296296296296 0.037037037037037 0.037037037037037 0.074074074074074 0.148148148148148 
0.148148148148148 0.148148148148148 0.074074074074074 0.037037037037037 0.296296296296296 0.074074074074074 0.148148148148148 0.074074074074074 
0.037037037037037 0.148148148148148 0.018518518518519 0.037037037037037 0.074074074074074 0.074074074074074 0.037037037037037 0.074074074074074 
0.074074074074074 0.074074074074074 0.148148148148148 0.074074074074074 0.148148148148148 0.037037037037037 0.296296296296296 0.148148148148148 
0.037037037037037 0.148148148148148 0.074074074074074 0.148148148148148 0.074074074074074 0.074074074074074 0.148148148148148 0.296296296296296 

0.074074074074074 0.166666666666667 0.074074074074074 0.037037037037037 0.074074074074074 0.018518518518519 0.037037037037037 0.018518518518519 
0.166666666666667 0.777777777777778 0.166666666666667 0.222222222222222 0.222222222222222 0.166666666666667 0.111111111111111 0.166666666666667 
0.074074074074074 0.166666666666667 0.296296296296296 0.148148148148148 0.074074074074074 0.018518518518519 0.148148148148148 0.074074074074074 
0.037037037037037 0.222222222222222 0.148148148148148 0.296296296296296 0.037037037037037 0.037037037037037 0.074074074074074 0.148148148148148 
0.074074074074074 0.222222222222222 0.074074074074074 0.037037037037037 0.296296296296296 0.074074074074074 0.148148148148148 0.074074074074074 
0.018518518518519 0.166666666666667 0.018518518518519 0.037037037037037 0.074074074074074 0.074074074074074 0.037037037037037 0.074074074074074 
0.037037037037037 0.111111111111111 0.148148148148148 0.074074074074074 0.148148148148148 0.037037037037037 0.296296296296296 0.148148148148148 
0.018518518518519 0.166666666666667 0.074074074074074 0.148148148148148 0.074074074074074 0.074074074074074 0.148148148148148 0.296296296296296 

0.296296296296296 0.222222222222222 0.148148148148148 0.037037037037037 0.148148148148148 0.037037037037037 0.074074074074074 0.037037037037037 
0.222222222222222 0.777777777777778 0.166666666666667 0.166666666666667 0.166666666666667 0.166666666666667 0.111111111111111 0.222222222222222 
0.148148148148148 0.166666666666667 0.296296296296296 0.074074074074074 0.074074074074074 0.018518518518519 0.148148148148148 0.074074074074074 
0.037037037037037 0.166666666666667 0.074074074074074 0.074074074074074 0.018518518518519 0.018518518518519 0.037037037037037 0.074074074074074 
0.148148148148148 0.166666666666667 0.074074074074074 0.018518518518519 0.296296296296296 0.074074074074074 0.148148148148148 0.074074074074074 
0.037037037037037 0.166666666666667 0.018518518518519 0.018518518518519 0.074074074074074 0.074074074074074 0.037037037037037 0.074074074074074 
0.074074074074074 0.111111111111111 0.148148148148148 0.037037037037037 0.148148148148148 0.037037037037037 0.296296296296296 0.148148148148148 
0.037037037037037 0.222222222222222 0.074074074074074 0.074074074074074 0.074074074074074 0.074074074074074 0.148148148148148 0.296296296296296 

0.074074074074074 0.185185185185185 0.074074074074074 0.018518518518519 0.074074074074074 0.018518518518519 0.037037037037037 0.018518518518519 
0.185185185185185 1.074074074074074 0.240740740740741 0.185185185185185 0.240740740740741 0.185185185185185 0.148148148148148 0.240740740740741 
0.074074074074074 0.240740740740741 0.296296296296296 0.074074074074074 0.074074074074074 0.018518518518519 0.148148148148148 0.074074074074074 
0.018518518518519 0.185185185185185 0.074074074074074 0.074074074074074 0.018518518518519 0.018518518518519 0.037037037037037 0.074074074074074 
0.074074074074074 0.240740740740741 0.074074074074074 0.018518518518519 0.296296296296296 0.074074074074074 0.148148148148148 0.074074074074074 
0.018518518518519 0.185185185185185 0.018518518518519 0.018518518518519 0.074074074074074 0.074074074074074 0.037037037037037 0.074074074074074 
0.037037037037037 0.148148148148148 0.148148148148148 0.037037037037037 0.148148148148148 0.037037037037037 0.296296296296296 0.148148148148148 
0.018518518518519 0.240740740740741 0.074074074074074 0.074074074074074 0.074074074074074 0.074074074074074 0.148148148148148 0.296296296296296 

0.129629629629630 0.259259259259259 0.037037037037037 0.074074074074074 0.092592592592593 0.046296296296296 0.074074074074074 0.037037037037037 
0.259259259259259 0.907407407407407 0.074074074074074 0.259259259259259 0.185185185185185 0.231481481481481 0.148148148148148 0.185185185185185 
0.037037037037037 0.074074074074074 0.018518518518519 0.037037037037037 0.018518518518519 0.009259259259259 0.037037037037037 0.018518518518519 
0.074074074074074 0.259259259259259 0.037037037037037 0.129629629629630 0.037037037037037 0.046296296296296 0.074074074074074 0.092592592592593 
0.092592592592593 0.185185185185185 0.018518518518519 0.037037037037037 0.296296296296296 0.148148148148148 0.148148148148148 0.074074074074074 
0.046296296296296 0.231481481481481 0.009259259259259 0.046296296296296 0.148148148148148 0.296296296296296 0.074074074074074 0.148148148148148 
0.074074074074074 0.148148148148148 0.037037037037037 0.074074074074074 0.148148148148148 0.074074074074074 0.296296296296296 0.148148148148148 
0.037037037037037 0.185185185185185 0.018518518518519 0.092592592592593 0.074074074074074 0.148148148148148 0.148148148148148 0.296296296296296 

0.129629629629630 0.282407407407407 0.037037037037037 0.074074074074074 0.092592592592593 0.023148148148148 0.074074074074074 0.037037037037037 
0.282407407407407 1.212962962962963 0.078703703703704 0.282407407407407 0.259259259259259 0.189814814814815 0.185185185185185 0.259259259259259 
0.037037037037037 0.078703703703704 0.018518518518519 0.037037037037037 0.018518518518519 0.004629629629630 0.037037037037037 0.018518518518519 
0.074074074074074 0.282407407407407 0.037037037037037 0.129629629629630 0.037037037037037 0.023148148148148 0.074074074074074 0.092592592592593 
0.092592592592593 0.259259259259259 0.018518518518519 0.037037037037037 0.296296296296296 0.074074074074074 0.148148148148148 0.074074074074074 
0.023148148148148 0.189814814814815 0.004629629629630 0.023148148148148 0.074074074074074 0.074074074074074 0.037037037037037 0.074074074074074 
0.074074074074074 0.185185185185185 0.037037037037037 0.074074074074074 0.148148148148148 0.037037037037037 0.296296296296296 0.148148148148148 
0.037037037037037 0.259259259259259 0.018518518518519 0.092592592592593 0.074074074074074 0.074074074074074 0.148148148148148 0.296296296296296 

0.129629629629630 0.259259259259259 0.092592592592593 0.046296296296296 0.037037037037037 0.074074074074074 0.074074074074074 0.037037037037037 
0.259259259259259 0.907407407407407 0.185185185185185 0.231481481481481 0.074074074074074 0.259259259259259 0.148148148148148 0.185185185185185 
0.092592592592593 0.185185185185185 0.296296296296296 0.148148148148148 0.018518518518519 0.037037037037037 0.148148148148148 0.074074074074074 
0.046296296296296 0.231481481481481 0.148148148148148 0.296296296296296 0.009259259259259 0.046296296296296 0.074074074074074 0.148148148148148 
0.037037037037037 0.074074074074074 0.018518518518519 0.009259259259259 0.018518518518519 0.037037037037037 0.037037037037037 0.018518518518519 
0.074074074074074 0.259259259259259 0.037037037037037 0.046296296296296 0.037037037037037 0.129629629629630 0.074074074074074 0.092592592592593 
0.074074074074074 0.148148148148148 0.148148148148148 0.074074074074074 0.037037037037037 0.074074074074074 0.296296296296296 0.148148148148148 
0.037037037037037 0.185185185185185 0.074074074074074 0.148148148148148 0.018518518518519 0.092592592592593 0.148148148148148 0.296296296296296 

0.129629629629630 0.282407407407407 0.092592592592593 0.023148148148148 0.037037037037037 0.074074074074074 0.074074074074074 0.037037037037037 
0.282407407407407 1.212962962962963 0.259259259259259 0.189814814814815 0.078703703703704 0.282407407407407 0.185185185185185 0.259259259259259 
0.092592592592593 0.259259259259259 0.296296296296296 0.074074074074074 0.018518518518519 0.037037037037037 0.148148148148148 0.074074074074074 
0.023148148148148 0.189814814814815 0.074074074074074 0.074074074074074 0.004629629629630 0.023148148148148 0.037037037037037 0.074074074074074 
0.037037037037037 0.078703703703704 0.018518518518519 0.004629629629630 0.018518518518519 0.037037037037037 0.037037037037037 0.018518518518519 
0.074074074074074 0.282407407407407 0.037037037037037 0.023148148148148 0.037037037037037 0.129629629629630 0.074074074074074 0.092592592592593 
0.074074074074074 0.185185185185185 0.148148148148148 0.037037037037037 0.037037037037037 0.074074074074074 0.296296296296296 0.148148148148148 
0.037037037037037 0.259259259259259 0.074074074074074 0.074074074074074 0.018518518518519 0.092592592592593 0.148148148148148 0.296296296296296 

0.194444444444444 0.388888888888889 0.041666666666667 0.083333333333333 0.041666666666667 0.083333333333333 0.111111111111111 0.055555555555556 
0.388888888888889 1.361111111111111 0.083333333333333 0.291666666666667 0.083333333333333 0.291666666666667 0.222222222222222 0.277777777777778 
0.041666666666667 0.083333333333333 0.018518518518519 0.037037037037037 0.004629629629630 0.009259259259259 0.037037037037037 0.018518518518519 
0.083333333333333 0.291666666666667 0.037037037037037 0.129629629629630 0.009259259259259 0.032407407407407 0.074074074074074 0.092592592592593 
0.041666666666667 0.083333333333333 0.004629629629630 0.009259259259259 0.018518518518519 0.037037037037037 0.037037037037037 0.018518518518519 
0.083333333333333 0.291666666666667 0.009259259259259 0.032407407407407 0.037037037037037 0.129629629629630 0.074074074074074 0.092592592592593 
0.111111111111111 0.222222222222222 0.037037037037037 0.074074074074074 0.037037037037037 0.074074074074074 0.296296296296296 0.148148148148148 
0.055555555555556 0.277777777777778 0.018518518518519 0.092592592592593 0.018518518518519 0.092592592592593 0.148148148148148 0.296296296296296 

0.296296296296296 0.231481481481481 0.148148148148148 0.046296296296296 0.148148148148148 0.046296296296296 0.074074074074074 0.009259259259259 
0.231481481481481 0.907407407407407 0.185185185185185 0.259259259259259 0.185185185185185 0.259259259259259 0.148148148148148 0.074074074074074 
0.148148148148148 0.185185185185185 0.296296296296296 0.092592592592593 0.074074074074074 0.037037037037037 0.148148148148148 0.018518518518519 
0.046296296296296 0.259259259259259 0.092592592592593 0.129629629629630 0.037037037037037 0.074074074074074 0.074074074074074 0.037037037037037 
0.148148148148148 0.185185185185185 0.074074074074074 0.037037037037037 0.296296296296296 0.092592592592593 0.148148148148148 0.018518518518519 
0.046296296296296 0.259259259259259 0.037037037037037 0.074074074074074 0.092592592592593 0.129629629629630 0.074074074074074 0.037037037037037 
0.074074074074074 0.148148148148148 0.148148148148148 0.074074074074074 0.148148148148148 0.074074074074074 0.296296296296296 0.037037037037037 
0.009259259259259 0.074074074074074 0.018518518518519 0.037037037037037 0.018518518518519 0.037037037037037 0.037037037037037 0.018518518518519 

0.074074074074074 0.189814814814815 0.074074074074074 0.023148148148148 0.074074074074074 0.023148148148148 0.037037037037037 0.004629629629630 
0.189814814814815 1.212962962962963 0.259259259259259 0.282407407407407 0.259259259259259 0.282407407407407 0.185185185185185 0.078703703703704 
0.074074074074074 0.259259259259259 0.296296296296296 0.092592592592593 0.074074074074074 0.037037037037037 0.148148148148148 0.018518518518519 
0.023148148148148 0.282407407407407 0.092592592592593 0.129629629629630 0.037037037037037 0.074074074074074 0.074074074074074 0.037037037037037 
0.074074074074074 0.259259259259259 0.074074074074074 0.037037037037037 0.296296296296296 0.092592592592593 0.148148148148148 0.018518518518519 
0.023148148148148 0.282407407407407 0.037037037037037 0.074074074074074 0.092592592592593 0.129629629629630 0.074074074074074 0.037037037037037 
0.037037037037037 0.185185185185185 0.148148148148148 0.074074074074074 0.148148148148148 0.074074074074074 0.296296296296296 0.037037037037037 
0.004629629629630 0.078703703703704 0.018518518518519 0.037037037037037 0.018518518518519 0.037037037037037 0.037037037037037 0.018518518518519 

0.129629629629630 0.291666666666667 0.037037037037037 0.083333333333333 0.092592592592593 0.032407407407407 0.074074074074074 0.009259259259259 
0.291666666666667 1.361111111111111 0.083333333333333 0.388888888888889 0.277777777777778 0.291666666666667 0.222222222222222 0.083333333333333 
0.037037037037037 0.083333333333333 0.018518518518519 0.041666666666667 0.018518518518519 0.009259259259259 0.037037037037037 0.004629629629630 
0.083333333333333 0.388888888888889 0.041666666666667 0.194444444444444 0.055555555555556 0.083333333333333 0.111111111111111 0.041666666666667 
0.092592592592593 0.277777777777778 0.018518518518519 0.055555555555556 0.296296296296296 0.092592592592593 0.148148148148148 0.018518518518519 
0.032407407407407 0.291666666666667 0.009259259259259 0.083333333333333 0.092592592592593 0.129629629629630 0.074074074074074 0.037037037037037 
0.074074074074074 0.222222222222222 0.037037037037037 0.111111111111111 0.148148148148148 0.074074074074074 0.296296296296296 0.037037037037037 
0.009259259259259 0.083333333333333 0.004629629629630 0.041666666666667 0.018518518518519 0.037037037037037 0.037037037037037 0.018518518518519 

0.129629629629630 0.291666666666667 0.092592592592593 0.032407407407407 0.037037037037037 0.083333333333333 0.074074074074074 0.009259259259259 
0.291666666666667 1.361111111111111 0.277777777777778 0.291666666666667 0.083333333333333 0.388888888888889 0.222222222222222 0.083333333333333 
0.092592592592593 0.277777777777778 0.296296296296296 0.092592592592593 0.018518518518519 0.055555555555556 0.148148148148148 0.018518518518519 
