

0.222222222222222 0.166666666666667 0.166666666666667 -0.222222222222222 0.166666666666667 0.166666666666667 0.111111111111111 -0.166666666666667 0.083333333333333 -0.111111111111111 -0.166666666666667 0.083333333333333 0.111111111111111 0.083333333333333 -0.166666666666667 -0.111111111111111 0.083333333333333 -0.166666666666667 0.055555555555556 -0.083333333333333 -0.083333333333333 -0.055555555555556 -0.083333333333333 -0.083333333333333 
0.166666666666667 0.222222222222222 0.166666666666667 -0.166666666666667 0.111111111111111 0.083333333333333 0.166666666666667 -0.222222222222222 0.166666666666667 -0.166666666666667 -0.111111111111111 0.083333333333333 0.083333333333333 0.111111111111111 -0.166666666666667 -0.083333333333333 0.055555555555556 -0.083333333333333 0.083333333333333 -0.111111111111111 -0.166666666666667 -0.083333333333333 -0.055555555555556 -0.083333333333333 
0.166666666666667 0.166666666666667 0.222222222222222 -0.166666666666667 0.083333333333333 0.111111111111111 0.083333333333333 -0.166666666666667 0.111111111111111 -0.083333333333333 -0.083333333333333 0.055555555555556 0.166666666666667 0.166666666666667 -0.222222222222222 -0.166666666666667 0.083333333333333 -0.111111111111111 0.083333333333333 -0.166666666666667 -0.111111111111111 -0.083333333333333 -0.083333333333333 -0.055555555555556 
-0.222222222222222 -0.166666666666667 -0.166666666666667 0.222222222222222 -0.166666666666667 -0.166666666666667 -0.111111111111111 0.166666666666667 -0.083333333333333 0.111111111111111 0.166666666666667 -0.083333333333333 -0.111111111111111 -0.083333333333333 0.166666666666667 0.111111111111111 -0.083333333333333 0.166666666666667 -0.055555555555556 0.083333333333333 0.083333333333333 0.055555555555556 0.083333333333333 0.083333333333333 
0.166666666666667 0.111111111111111 0.083333333333333 -0.166666666666667 0.222222222222222 0.166666666666667 0.166666666666667 -0.111111111111111 0.083333333333333 -0.166666666666667 -0.222222222222222 0.166666666666667 0.083333333333333 0.055555555555556 -0.083333333333333 -0.083333333333333 0.111111111111111 -0.166666666666667 0.083333333333333 -0.055555555555556 -0.083333333333333 -0.083333333333333 -0.111111111111111 -0.166666666666667 
0.166666666666667 0.083333333333333 0.111111111111111 -0.166666666666667 0.166666666666667 0.222222222222222 0.083333333333333 -0.083333333333333 0.055555555555556 -0.083333333333333 -0.166666666666667 0.111111111111111 0.166666666666667 0.083333333333333 -0.111111111111111 -0.166666666666667 0.166666666666667 -0.222222222222222 0.083333333333333 -0.083333333333333 -0.055555555555556 -0.083333333333333 -0.166666666666667 -0.111111111111111 
0.111111111111111 0.166666666666667 0.083333333333333 -0.111111111111111 0.166666666666667 0.083333333333333 0.222222222222222 -0.166666666666667 0.166666666666667 -0.222222222222222 -0.166666666666667 0.166666666666667 0.055555555555556 0.083333333333333 -0.083333333333333 -0.055555555555556 0.083333333333333 -0.083333333333333 0.111111111111111 -0.083333333333333 -0.166666666666667 -0.111111111111111 -0.083333333333333 -0.166666666666667 
-0.166666666666667 -0.222222222222222 -0.166666666666667 0.166666666666667 -0.111111111111111 -0.083333333333333 -0.166666666666667 0.222222222222222 -0.166666666666667 0.166666666666667 0.111111111111111 -0.083333333333333 -0.083333333333333 -0.111111111111111 0.166666666666667 0.083333333333333 -0.055555555555556 0.083333333333333 -0.083333333333333 0.111111111111111 0.166666666666667 0.083333333333333 0.055555555555556 0.083333333333333 
0.083333333333333 0.166666666666667 0.111111111111111 -0.083333333333333 0.083333333333333 0.055555555555556 0.166666666666667 -0.166666666666667 0.222222222222222 -0.166666666666667 -0.083333333333333 0.111111111111111 0.083333333333333 0.166666666666667 -0.111111111111111 -0.083333333333333 0.083333333333333 -0.055555555555556 0.166666666666667 -0.166666666666667 -0.222222222222222 -0.166666666666667 -0.083333333333333 -0.111111111111111 
-0.111111111111111 -0.166666666666667 -0.083333333333333 0.111111111111111 -0.166666666666667 -0.083333333333333 -0.222222222222222 0.166666666666667 -0.166666666666667 0.222222222222222 0.166666666666667 -0.166666666666667 -0.055555555555556 -0.083333333333333 0.083333333333333 0.055555555555556 -0.083333333333333 0.083333333333333 -0.111111111111111 0.083333333333333 0.166666666666667 0.111111111111111 0.083333333333333 0.166666666666667 
-0.166666666666667 -0.111111111111111 -0.083333333333333 0.166666666666667 -0.222222222222222 -0.166666666666667 -0.166666666666667 0.111111111111111 -0.083333333333333 0.166666666666667 0.222222222222222 -0.166666666666667 -0.083333333333333 -0.055555555555556 0.083333333333333 0.083333333333333 -0.111111111111111 0.166666666666667 -0.083333333333333 0.055555555555556 0.083333333333333 0.083333333333333 0.111111111111111 0.166666666666667 
0.083333333333333 0.083333333333333 0.055555555555556 -0.083333333333333 0.166666666666667 0.111111111111111 0.166666666666667 -0.083333333333333 0.111111111111111 -0.166666666666667 -0.166666666666667 0.222222222222222 0.083333333333333 0.083333333333333 -0.055555555555556 -0.083333333333333 0.166666666666667 -0.111111111111111 0.166666666666667 -0.083333333333333 -0.111111111111111 -0.166666666666667 -0.166666666666667 -0.222222222222222 
0.111111111111111 0.083333333333333 0.166666666666667 -0.111111111111111 0.083333333333333 0.166666666666667 0.055555555555556 -0.083333333333333 0.083333333333333 -0.055555555555556 -0.083333333333333 0.083333333333333 0.222222222222222 0.166666666666667 -0.166666666666667 -0.222222222222222 0.166666666666667 -0.166666666666667 0.111111111111111 -0.166666666666667 -0.083333333333333 -0.111111111111111 -0.166666666666667 -0.083333333333333 
0.083333333333333 0.111111111111111 0.166666666666667 -0.083333333333333 0.055555555555556 0.083333333333333 0.083333333333333 -0.111111111111111 0.166666666666667 -0.083333333333333 -0.055555555555556 0.083333333333333 0.166666666666667 0.222222222222222 -0.166666666666667 -0.166666666666667 0.111111111111111 -0.083333333333333 0.166666666666667 -0.222222222222222 -0.166666666666667 -0.166666666666667 -0.111111111111111 -0.083333333333333 
-0.166666666666667 -0.166666666666667 -0.222222222222222 0.166666666666667 -0.083333333333333 -0.111111111111111 -0.083333333333333 0.166666666666667 -0.111111111111111 0.083333333333333 0.083333333333333 -0.055555555555556 -0.166666666666667 -0.166666666666667 0.222222222222222 0.166666666666667 -0.083333333333333 0.111111111111111 -0.083333333333333 0.166666666666667 0.111111111111111 0.083333333333333 0.083333333333333 0.055555555555556 
-0.111111111111111 -0.083333333333333 -0.166666666666667 0.111111111111111 -0.083333333333333 -0.166666666666667 -0.055555555555556 0.083333333333333 -0.083333333333333 0.055555555555556 0.083333333333333 -0.083333333333333 -0.222222222222222 -0.166666666666667 0.166666666666667 0.222222222222222 -0.166666666666667 0.166666666666667 -0.111111111111111 0.166666666666667 0.083333333333333 0.111111111111111 0.166666666666667 0.083333333333333 
0.083333333333333 0.055555555555556 0.083333333333333 -0.083333333333333 0.111111111111111 0.166666666666667 0.083333333333333 -0.055555555555556 0.083333333333333 -0.083333333333333 -0.111111111111111 0.166666666666667 0.166666666666667 0.111111111111111 -0.083333333333333 -0.166666666666667 0.222222222222222 -0.166666666666667 0.166666666666667 -0.111111111111111 -0.083333333333333 -0.166666666666667 -0.222222222222222 -0.166666666666667 
-0.166666666666667 -0.083333333333333 -0.111111111111111 0.166666666666667 -0.166666666666667 -0.222222222222222 -0.083333333333333 0.083333333333333 -0.055555555555556 0.083333333333333 0.166666666666667 -0.111111111111111 -0.166666666666667 -0.083333333333333 0.111111111111111 0.166666666666667 -0.166666666666667 0.222222222222222 -0.083333333333333 0.083333333333333 0.055555555555556 0.083333333333333 0.166666666666667 0.111111111111111 
0.055555555555556 0.083333333333333 0.083333333333333 -0.055555555555556 0.083333333333333 0.083333333333333 0.111111111111111 -0.083333333333333 0.166666666666667 -0.111111111111111 -0.083333333333333 0.166666666666667 0.111111111111111 0.166666666666667 -0.083333333333333 -0.111111111111111 0.166666666666667 -0.083333333333333 0.222222222222222 -0.166666666666667 -0.166666666666667 -0.222222222222222 -0.166666666666667 -0.166666666666667 
-0.083333333333333 -0.111111111111111 -0.166666666666667 0.083333333333333 -0.055555555555556 -0.083333333333333 -0.083333333333333 0.111111111111111 -0.166666666666667 0.083333333333333 0.055555555555556 -0.083333333333333 -0.166666666666667 -0.222222222222222 0.166666666666667 0.166666666666667 -0.111111111111111 0.083333333333333 -0.166666666666667 0.222222222222222 0.166666666666667 0.166666666666667 0.111111111111111 0.083333333333333 
-0.083333333333333 -0.166666666666667 -0.111111111111111 0.083333333333333 -0.083333333333333 -0.055555555555556 -0.166666666666667 0.166666666666667 -0.222222222222222 0.166666666666667 0.083333333333333 -0.111111111111111 -0.083333333333333 -0.166666666666667 0.111111111111111 0.083333333333333 -0.083333333333333 0.055555555555556 -0.166666666666667 0.166666666666667 0.222222222222222 0.166666666666667 0.083333333333333 0.111111111111111 
-0.055555555555556 -0.083333333333333 -0.083333333333333 0.055555555555556 -0.083333333333333 -0.083333333333333 -0.111111111111111 0.083333333333333 -0.166666666666667 0.111111111111111 0.083333333333333 -0.166666666666667 -0.111111111111111 -0.166666666666667 0.083333333333333 0.111111111111111 -0.166666666666667 0.083333333333333 -0.222222222222222 0.166666666666667 0.166666666666667 0.222222222222222 0.166666666666667 0.166666666666667 
-0.083333333333333 -0.055555555555556 -0.083333333333333 0.083333333333333 -0.111111111111111 -0.166666666666667 -0.083333333333333 0.055555555555556 -0.083333333333333 0.083333333333333 0.111111111111111 -0.166666666666667 -0.166666666666667 -0.111111111111111 0.083333333333333 0.166666666666667 -0.222222222222222 0.166666666666667 -0.166666666666667 0.111111111111111 0.083333333333333 0.166666666666667 0.222222222222222 0.166666666666667 
-0.083333333333333 -0.083333333333333 -0.055555555555556 0.083333333333333 -0.166666666666667 -0.111111111111111 -0.166666666666667 0.083333333333333 -0.111111111111111 0.166666666666667 0.166666666666667 -0.222222222222222 -0.083333333333333 -0.083333333333333 0.055555555555556 0.083333333333333 -0.166666666666667 0.111111111111111 -0.166666666666667 0.083333333333333 0.111111111111111 0.166666666666667 0.166666666666667 0.222222222222222 

0.388888888888889 0.125000000000000 0.291666666666667 -0.277777777777778 0.250000000000000 0.208333333333333 0.111111111111111 -0.125000000000000 0.083333333333333 -0.222222222222222 -0.250000000000000 0.166666666666667 0.138888888888889 0.125000000000000 -0.208333333333333 -0.138888888888889 0.125000000000000 -0.208333333333333 0.111111111111111 -0.125000000000000 -0.166666666666667 -0.111111111111111 -0.125000000000000 -0.166666666666667 
0.125000000000000 0.055555555555556 0.125000000000000 -0.083333333333333 0.055555555555556 0.041666666666667 0.041666666666667 -0.055555555555556 0.041666666666667 -0.083333333333333 -0.055555555555556 0.041666666666667 0.041666666666667 0.055555555555556 -0.083333333333333 -0.041666666666667 0.027777777777778 -0.041666666666667 0.041666666666667 -0.055555555555556 -0.083333333333333 -0.041666666666667 -0.027777777777778 -0.041666666666667 
0.291666666666667 0.125000000000000 0.388888888888889 -0.208333333333333 0.125000000000000 0.138888888888889 0.083333333333333 -0.125000000000000 0.111111111111111 -0.166666666666667 -0.125000000000000 0.111111111111111 0.208333333333333 0.250000000000000 -0.277777777777778 -0.208333333333333 0.125000000000000 -0.138888888888889 0.166666666666667 -0.250000000000000 -0.222222222222222 -0.166666666666667 -0.125000000000000 -0.111111111111111 
-0.277777777777778 -0.083333333333333 -0.208333333333333 0.222222222222222 -0.166666666666667 -0.166666666666667 -0.055555555555556 0.083333333333333 -0.041666666666667 0.111111111111111 0.166666666666667 -0.083333333333333 -0.111111111111111 -0.083333333333333 0.166666666666667 0.111111111111111 -0.083333333333333 0.166666666666667 -0.055555555555556 0.083333333333333 0.083333333333333 0.055555555555556 0.083333333333333 0.083333333333333 
0.250000000000000 0.055555555555556 0.125000000000000 -0.166666666666667 0.222222222222222 0.166666666666667 0.083333333333333 -0.055555555555556 0.041666666666667 -0.166666666666667 -0.222222222222222 0.166666666666667 0.083333333333333 0.055555555555556 -0.083333333333333 -0.083333333333333 0.111111111111111 -0.166666666666667 0.083333333333333 -0.055555555555556 -0.083333333333333 -0.083333333333333 -0.111111111111111 -0.166666666666667 
0.208333333333333 0.041666666666667 0.138888888888889 -0.166666666666667 0.166666666666667 0.222222222222222 0.041666666666667 -0.041666666666667 0.027777777777778 -0.083333333333333 -0.166666666666667 0.111111111111111 0.166666666666667 0.083333333333333 -0.111111111111111 -0.166666666666667 0.166666666666667 -0.222222222222222 0.083333333333333 -0.083333333333333 -0.055555555555556 -0.083333333333333 -0.166666666666667 -0.111111111111111 
0.111111111111111 0.041666666666667 0.083333333333333 -0.055555555555556 0.083333333333333 0.041666666666667 0.055555555555556 -0.041666666666667 0.041666666666667 -0.111111111111111 -0.083333333333333 0.083333333333333 0.027777777777778 0.041666666666667 -0.041666666666667 -0.027777777777778 0.041666666666667 -0.041666666666667 0.055555555555556 -0.041666666666667 -0.083333333333333 -0.055555555555556 -0.041666666666667 -0.083333333333333 
-0.125000000000000 -0.055555555555556 -0.125000000000000 0.083333333333333 -0.055555555555556 -0.041666666666667 -0.041666666666667 0.055555555555556 -0.041666666666667 0.083333333333333 0.055555555555556 -0.041666666666667 -0.041666666666667 -0.055555555555556 0.083333333333333 0.041666666666667 -0.027777777777778 0.041666666666667 -0.041666666666667 0.055555555555556 0.083333333333333 0.041666666666667 0.027777777777778 0.041666666666667 
0.083333333333333 0.041666666666667 0.111111111111111 -0.041666666666667 0.041666666666667 0.027777777777778 0.041666666666667 -0.041666666666667 0.055555555555556 -0.083333333333333 -0.041666666666667 0.055555555555556 0.041666666666667 0.083333333333333 -0.055555555555556 -0.041666666666667 0.041666666666667 -0.027777777777778 0.083333333333333 -0.083333333333333 -0.111111111111111 -0.083333333333333 -0.041666666666667 -0.055555555555556 
-0.222222222222222 -0.083333333333333 -0.166666666666667 0.111111111111111 -0.166666666666667 -0.083333333333333 -0.111111111111111 0.083333333333333 -0.083333333333333 0.222222222222222 0.166666666666667 -0.166666666666667 -0.055555555555556 -0.083333333333333 0.083333333333333 0.055555555555556 -0.083333333333333 0.083333333333333 -0.111111111111111 0.083333333333333 0.166666666666667 0.111111111111111 0.083333333333333 0.166666666666667 
-0.250000000000000 -0.055555555555556 -0.125000000000000 0.166666666666667 -0.222222222222222 -0.166666666666667 -0.083333333333333 0.055555555555556 -0.041666666666667 0.166666666666667 0.222222222222222 -0.166666666666667 -0.083333333333333 -0.055555555555556 0.083333333333333 0.083333333333333 -0.111111111111111 0.166666666666667 -0.083333333333333 0.055555555555556 0.083333333333333 0.083333333333333 0.111111111111111 0.166666666666667 
0.166666666666667 0.041666666666667 0.111111111111111 -0.083333333333333 0.166666666666667 0.111111111111111 0.083333333333333 -0.041666666666667 0.055555555555556 -0.166666666666667 -0.166666666666667 0.222222222222222 0.083333333333333 0.083333333333333 -0.055555555555556 -0.083333333333333 0.166666666666667 -0.111111111111111 0.166666666666667 -0.083333333333333 -0.111111111111111 -0.166666666666667 -0.166666666666667 -0.222222222222222 
0.138888888888889 0.041666666666667 0.208333333333333 -0.111111111111111 0.083333333333333 0.166666666666667 0.027777777777778 -0.041666666666667 0.041666666666667 -0.055555555555556 -0.083333333333333 0.083333333333333 0.222222222222222 0.166666666666667 -0.166666666666667 -0.222222222222222 0.166666666666667 -0.166666666666667 0.111111111111111 -0.166666666666667 -0.083333333333333 -0.111111111111111 -0.166666666666667 -0.083333333333333 
0.125000000000000 0.055555555555556 0.250000000000000 -0.083333333333333 0.055555555555556 0.083333333333333 0.041666666666667 -0.055555555555556 0.083333333333333 -0.083333333333333 -0.055555555555556 0.083333333333333 0.166666666666667 0.222222222222222 -0.166666666666667 -0.166666666666667 0.111111111111111 -0.083333333333333 0.166666666666667 -0.222222222222222 -0.166666666666667 -0.166666666666667 -0.111111111111111 -0.083333333333333 
-0.208333333333333 -0.083333333333333 -0.277777777777778 0.166666666666667 -0.083333333333333 -0.111111111111111 -0.041666666666667 0.083333333333333 -0.055555555555556 0.083333333333333 0.083333333333333 -0.055555555555556 -0.166666666666667 -0.166666666666667 0.222222222222222 0.166666666666667 -0.083333333333333 0.111111111111111 -0.083333333333333 0.166666666666667 0.111111111111111 0.083333333333333 0.083333333333333 0.055555555555556 
-0.138888888888889 -0.041666666666667 -0.208333333333333 0.111111111111111 -0.083333333333333 -0.166666666666667 -0.027777777777778 0.041666666666667 -0.041666666666667 0.055555555555556 0.083333333333333 -0.083333333333333 -0.222222222222222 -0.166666666666667 0.166666666666667 0.222222222222222 -0.166666666666667 0.166666666666667 -0.111111111111111 0.166666666666667 0.083333333333333 0.111111111111111 0.166666666666667 0.083333333333333 
0.125000000000000 0.027777777777778 0.125000000000000 -0.083333333333333 0.111111111111111 0.166666666666667 0.041666666666667 -0.027777777777778 0.041666666666667 -0.083333333333333 -0.111111111111111 0.166666666666667 0.166666666666667 0.111111111111111 -0.083333333333333 -0.166666666666667 0.222222222222222 -0.166666666666667 0.166666666666667 -0.111111111111111 -0.083333333333333 -0.166666666666667 -0.222222222222222 -0.166666666666667 
-0.208333333333333 -0.041666666666667 -0.138888888888889 0.166666666666667 -0.166666666666667 -0.222222222222222 -0.041666666666667 0.041666666666667 -0.027777777777778 0.083333333333333 0.166666666666667 -0.111111111111111 -0.166666666666667 -0.083333333333333 0.111111111111111 0.166666666666667 -0.166666666666667 0.222222222222222 -0.083333333333333 0.083333333333333 0.055555555555556 0.083333333333333 0.166666666666667 0.111111111111111 
0.111111111111111 0.041666666666667 0.166666666666667 -0.055555555555556 0.083333333333333 0.083333333333333 0.055555555555556 -0.041666666666667 0.083333333333333 -0.111111111111111 -0.083333333333333 0.166666666666667 0.111111111111111 0.166666666666667 -0.083333333333333 -0.111111111111111 0.166666666666667 -0.083333333333333 0.222222222222222 -0.166666666666667 -0.166666666666667 -0.222222222222222 -0.166666666666667 -0.166666666666667 
-0.125000000000000 -0.055555555555556 -0.250000000000000 0.083333333333333 -0.055555555555556 -0.083333333333333 -0.041666666666667 0.055555555555556 -0.083333333333333 0.083333333333333 0.055555555555556 -0.083333333333333 -0.166666666666667 -0.222222222222222 0.166666666666667 0.166666666666667 -0.111111111111111 0.083333333333333 -0.166666666666667 0.222222222222222 0.166666666666667 0.166666666666667 0.111111111111111 0.083333333333333 
-0.166666666666667 -0.083333333333333 -0.222222222222222 0.083333333333333 -0.083333333333333 -0.055555555555556 -0.083333333333333 0.083333333333333 -0.111111111111111 0.166666666666667 0.083333333333333 -0.111111111111111 -0.083333333333333 -0.166666666666667 0.111111111111111 0.083333333333333 -0.083333333333333 0.055555555555556 -0.166666666666667 0.166666666666667 0.222222222222222 0.166666666666667 0.083333333333333 0.111111111111111 
-0.111111111111111 -0.041666666666667 -0.166666666666667 0.055555555555556 -0.083333333333333 -0.083333333333333 -0.055555555555556 0.041666666666667 -0.083333333333333 0.111111111111111 0.083333333333333 -0.166666666666667 -0.111111111111111 -0.166666666666667 0.083333333333333 0.111111111111111 -0.166666666666667 0.083333333333333 -0.222222222222222 0.166666666666667 0.166666666666667 0.222222222222222 0.166666666666667 0.166666666666667 
-0.125000000000000 -0.027777777777778 -0.125000000000000 0.083333333333333 -0.111111111111111 -0.166666666666667 -0.041666666666667 0.027777777777778 -0.041666666666667 0.083333333333333 0.111111111111111 -0.166666666666667 -0.166666666666667 -0.111111111111111 0.083333333333333 0.166666666666667 -0.222222222222222 0.166666666666667 -0.166666666666667 0.111111111111111 0.083333333333333 0.166666666666667 0.222222222222222 0.166666666666667 
-0.166666666666667 -0.041666666666667 -0.111111111111111 0.083333333333333 -0.166666666666667 -0.111111111111111 -0.083333333333333 0.041666666666667 -0.055555555555556 0.166666666666667 0.166666666666667 -0.222222222222222 -0.083333333333333 -0.083333333333333 0.055555555555556 0.083333333333333 -0.166666666666667 0.111111111111111 -0.166666666666667 0.083333333333333 0.111111111111111 0.166666666666667 0.166666666666667 0.222222222222222 

0.055555555555556 0.125000000000000 0.125000000000000 -0.055555555555556 0.041666666666667 0.041666666666667 0.055555555555556 -0.083333333333333 0.041666666666667 -0.055555555555556 -0.083333333333333 0.041666666666667 0.055555555555556 0.041666666666667 -0.083333333333333 -0.055555555555556 0.041666666666667 -0.083333333333333 0.027777777777778 -0.041666666666667 -0.041666666666667 -0.027777777777778 -0.041666666666667 -0.041666666666667 
0.125000000000000 0.388888888888889 0.291666666666667 -0.125000000000000 0.111111111111111 0.083333333333333 0.250000000000000 -0.277777777777778 0.208333333333333 -0.250000000000000 -0.222222222222222 0.166666666666667 0.125000000000000 0.138888888888889 -0.208333333333333 -0.125000000000000 0.111111111111111 -0.166666666666667 0.125000000000000 -0.138888888888889 -0.208333333333333 -0.125000000000000 -0.111111111111111 -0.166666666666667 
0.125000000000000 0.291666666666667 0.388888888888889 -0.125000000000000 0.083333333333333 0.111111111111111 0.125000000000000 -0.208333333333333 0.138888888888889 -0.125000000000000 -0.166666666666667 0.111111111111111 0.250000000000000 0.208333333333333 -0.277777777777778 -0.250000000000000 0.166666666666667 -0.222222222222222 0.125000000000000 -0.208333333333333 -0.138888888888889 -0.125000000000000 -0.166666666666667 -0.111111111111111 
-0.055555555555556 -0.125000000000000 -0.125000000000000 0.055555555555556 -0.041666666666667 -0.041666666666667 -0.055555555555556 0.083333333333333 -0.041666666666667 0.055555555555556 0.083333333333333 -0.041666666666667 -0.055555555555556 -0.041666666666667 0.083333333333333 0.055555555555556 -0.041666666666667 0.083333333333333 -0.027777777777778 0.041666666666667 0.041666666666667 0.027777777777778 0.041666666666667 0.041666666666667 
0.041666666666667 0.111111111111111 0.083333333333333 -0.041666666666667 0.055555555555556 0.041666666666667 0.083333333333333 -0.055555555555556 0.041666666666667 -0.083333333333333 -0.111111111111111 0.083333333333333 0.041666666666667 0.027777777777778 -0.041666666666667 -0.041666666666667 0.055555555555556 -0.083333333333333 0.041666666666667 -0.027777777777778 -0.041666666666667 -0.041666666666667 -0.055555555555556 -0.083333333333333 
0.041666666666667 0.083333333333333 0.111111111111111 -0.041666666666667 0.041666666666667 0.055555555555556 0.041666666666667 -0.041666666666667 0.027777777777778 -0.041666666666667 -0.083333333333333 0.055555555555556 0.083333333333333 0.041666666666667 -0.055555555555556 -0.083333333333333 0.083333333333333 -0.111111111111111 0.041666666666667 -0.041666666666667 -0.027777777777778 -0.041666666666667 -0.083333333333333 -0.055555555555556 
0.055555555555556 0.250000000000000 0.125000000000000 -0.055555555555556 0.083333333333333 0.041666666666667 0.222222222222222 -0.166666666666667 0.166666666666667 -0.222222222222222 -0.166666666666667 0.166666666666667 0.055555555555556 0.083333333333333 -0.083333333333333 -0.055555555555556 0.083333333333333 -0.083333333333333 0.111111111111111 -0.083333333333333 -0.166666666666667 -0.111111111111111 -0.083333333333333 -0.166666666666667 
-0.083333333333333 -0.277777777777778 -0.208333333333333 0.083333333333333 -0.055555555555556 -0.041666666666667 -0.166666666666667 0.222222222222222 -0.166666666666667 0.166666666666667 0.111111111111111 -0.083333333333333 -0.083333333333333 -0.111111111111111 0.166666666666667 0.083333333333333 -0.055555555555556 0.083333333333333 -0.083333333333333 0.111111111111111 0.166666666666667 0.083333333333333 0.055555555555556 0.083333333333333 
0.041666666666667 0.208333333333333 0.138888888888889 -0.041666666666667 0.041666666666667 0.027777777777778 0.166666666666667 -0.166666666666667 0.222222222222222 -0.166666666666667 -0.083333333333333 0.111111111111111 0.083333333333333 0.166666666666667 -0.111111111111111 -0.083333333333333 0.083333333333333 -0.055555555555556 0.166666666666667 -0.166666666666667 -0.222222222222222 -0.166666666666667 -0.083333333333333 -0.111111111111111 
-0.055555555555556 -0.250000000000000 -0.125000000000000 0.055555555555556 -0.083333333333333 -0.041666666666667 -0.222222222222222 0.166666666666667 -0.166666666666667 0.222222222222222 0.166666666666667 -0.166666666666667 -0.055555555555556 -0.083333333333333 0.083333333333333 0.055555555555556 -0.083333333333333 0.083333333333333 -0.111111111111111 0.083333333333333 0.166666666666667 0.111111111111111 0.083333333333333 0.166666666666667 
-0.083333333333333 -0.222222222222222 -0.166666666666667 0.083333333333333 -0.111111111111111 -0.083333333333333 -0.166666666666667 0.111111111111111 -0.083333333333333 0.166666666666667 0.222222222222222 -0.166666666666667 -0.083333333333333 -0.055555555555556 0.083333333333333 0.083333333333333 -0.111111111111111 0.166666666666667 -0.083333333333333 0.055555555555556 0.083333333333333 0.083333333333333 0.111111111111111 0.166666666666667 
0.041666666666667 0.166666666666667 0.111111111111111 -0.041666666666667 0.083333333333333 0.055555555555556 0.166666666666667 -0.083333333333333 0.111111111111111 -0.166666666666667 -0.166666666666667 0.222222222222222 0.083333333333333 0.083333333333333 -0.055555555555556 -0.083333333333333 0.166666666666667 -0.111111111111111 0.166666666666667 -0.083333333333333 -0.111111111111111 -0.166666666666667 -0.166666666666667 -0.222222222222222 
0.055555555555556 0.125000000000000 0.250000000000000 -0.055555555555556 0.041666666666667 0.083333333333333 0.055555555555556 -0.083333333333333 0.083333333333333 -0.055555555555556 -0.083333333333333 0.083333333333333 0.222222222222222 0.166666666666667 -0.166666666666667 -0.222222222222222 0.166666666666667 -0.166666666666667 0.111111111111111 -0.166666666666667 -0.083333333333333 -0.111111111111111 -0.166666666666667 -0.083333333333333 
0.041666666666667 0.138888888888889 0.208333333333333 -0.041666666666667 0.027777777777778 0.041666666666667 0.083333333333333 -0.111111111111111 0.166666666666667 -0.083333333333333 -0.055555555555556 0.083333333333333 0.166666666666667 0.222222222222222 -0.166666666666667 -0.166666666666667 0.111111111111111 -0.083333333333333 0.166666666666667 -0.222222222222222 -0.166666666666667 -0.166666666666667 -0.111111111111111 -0.083333333333333 
-0.083333333333333 -0.208333333333333 -0.277777777777778 0.083333333333333 -0.041666666666667 -0.055555555555556 -0.083333333333333 0.166666666666667 -0.111111111111111 0.083333333333333 0.083333333333333 -0.055555555555556 -0.166666666666667 -0.166666666666667 0.222222222222222 0.166666666666667 -0.083333333333333 0.111111111111111 -0.083333333333333 0.166666666666667 0.111111111111111 0.083333333333333 0.083333333333333 0.055555555555556 
-0.055555555555556 -0.125000000000000 -0.250000000000000 0.055555555555556 -0.041666666666667 -0.083333333333333 -0.055555555555556 0.083333333333333 -0.083333333333333 0.055555555555556 0.083333333333333 -0.083333333333333 -0.222222222222222 -0.166666666666667 0.166666666666667 0.222222222222222 -0.166666666666667 0.166666666666667 -0.111111111111111 0.166666666666667 0.083333333333333 0.111111111111111 0.166666666666667 0.083333333333333 
0.041666666666667 0.111111111111111 0.166666666666667 -0.041666666666667 0.055555555555556 0.083333333333333 0.083333333333333 -0.055555555555556 0.083333333333333 -0.083333333333333 -0.111111111111111 0.166666666666667 0.166666666666667 0.111111111111111 -0.083333333333333 -0.166666666666667 0.222222222222222 -0.166666666666667 0.166666666666667 -0.111111111111111 -0.083333333333333 -0.166666666666667 -0.222222222222222 -0.166666666666667 
-0.083333333333333 -0.166666666666667 -0.222222222222222 0.083333333333333 -0.083333333333333 -0.111111111111111 -0.083333333333333 0.083333333333333 -0.055555555555556 0.083333333333333 0.166666666666667 -0.111111111111111 -0.166666666666667 -0.083333333333333 0.111111111111111 0.166666666666667 -0.166666666666667 0.222222222222222 -0.083333333333333 0.083333333333333 0.055555555555556 0.083333333333333 0.166666666666667 0.111111111111111 
0.027777777777778 0.125000000000000 0.125000000000000 -0.027777777777778 0.041666666666667 0.041666666666667 0.111111111111111 -0.083333333333333 0.166666666666667 -0.111111111111111 -0.083333333333333 0.166666666666667 0.111111111111111 0.166666666666667 -0.083333333333333 -0.111111111111111 0.166666666666667 -0.083333333333333 0.222222222222222 -0.166666666666667 -0.166666666666667 -0.222222222222222 -0.166666666666667 -0.166666666666667 
-0.041666666666667 -0.138888888888889 -0.208333333333333 0.041666666666667 -0.027777777777778 -0.041666666666667 -0.083333333333333 0.111111111111111 -0.166666666666667 0.083333333333333 0.055555555555556 -0.083333333333333 -0.166666666666667 -0.222222222222222 0.166666666666667 0.166666666666667 -0.111111111111111 0.083333333333333 -0.166666666666667 0.222222222222222 0.166666666666667 0.166666666666667 0.111111111111111 0.083333333333333 
-0.041666666666667 -0.208333333333333 -0.138888888888889 0.041666666666667 -0.041666666666667 -0.027777777777778 -0.166666666666667 0.166666666666667 -0.222222222222222 0.166666666666667 0.083333333333333 -0.111111111111111 -0.083333333333333 -0.166666666666667 0.111111111111111 0.083333333333333 -0.083333333333333 0.055555555555556 -0.166666666666667 0.166666666666667 0.222222222222222 0.166666666666667 0.083333333333333 0.111111111111111 
-0.027777777777778 -0.125000000000000 -0.125000000000000 0.027777777777778 -0.041666666666667 -0.041666666666667 -0.111111111111111 0.083333333333333 -0.166666666666667 0.111111111111111 0.083333333333333 -0.166666666666667 -0.111111111111111 -0.166666666666667 0.083333333333333 0.111111111111111 -0.166666666666667 0.083333333333333 -0.222222222222222 0.166666666666667 0.166666666666667 0.222222222222222 0.166666666666667 0.166666666666667 
-0.041666666666667 -0.111111111111111 -0.166666666666667 0.041666666666667 -0.055555555555556 -0.083333333333333 -0.083333333333333 0.055555555555556 -0.083333333333333 0.083333333333333 0.111111111111111 -0.166666666666667 -0.166666666666667 -0.111111111111111 0.083333333333333 0.166666666666667 -0.222222222222222 0.166666666666667 -0.166666666666667 0.111111111111111 0.083333333333333 0.166666666666667 0.222222222222222 0.166666666666667 
-0.041666666666667 -0.166666666666667 -0.111111111111111 0.041666666666667 -0.083333333333333 -0.055555555555556 -0.166666666666667 0.083333333333333 -0.111111111111111 0.166666666666667 0.166666666666667 -0.222222222222222 -0.083333333333333 -0.083333333333333 0.055555555555556 0.083333333333333 -0.166666666666667 0.111111111111111 -0.166666666666667 0.083333333333333 0.111111111111111 0.166666666666667 0.166666666666667 0.222222222222222 

0.166666666666667 0.166666666666667 0.250000000000000 -0.083333333333333 0.083333333333333 0.062500000000000 0.083333333333333 -0.083333333333333 0.062500000000000 -0.166666666666667 -0.166666666666667 0.125000000000000 0.083333333333333 0.083333333333333 -0.125000000000000 -0.083333333333333 0.083333333333333 -0.125000000000000 0.083333333333333 -0.083333333333333 -0.125000000000000 -0.083333333333333 -0.083333333333333 -0.125000000000000 
0.166666666666667 0.166666666666667 0.250000000000000 -0.083333333333333 0.083333333333333 0.062500000000000 0.083333333333333 -0.083333333333333 0.062500000000000 -0.166666666666667 -0.166666666666667 0.125000000000000 0.083333333333333 0.083333333333333 -0.125000000000000 -0.083333333333333 0.083333333333333 -0.125000000000000 0.083333333333333 -0.083333333333333 -0.125000000000000 -0.083333333333333 -0.083333333333333 -0.125000000000000 
0.250000000000000 0.250000000000000 0.583333333333333 -0.145833333333333 0.104166666666667 0.125000000000000 0.104166666666667 -0.145833333333333 0.125000000000000 -0.208333333333333 -0.208333333333333 0.166666666666667 0.291666666666667 0.291666666666667 -0.333333333333333 -0.291666666666667 0.208333333333333 -0.250000000000000 0.208333333333333 -0.291666666666667 -0.250000000000000 -0.208333333333333 -0.208333333333333 -0.166666666666667 
-0.083333333333333 -0.083333333333333 -0.145833333333333 0.055555555555556 -0.041666666666667 -0.041666666666667 -0.027777777777778 0.041666666666667 -0.020833333333333 0.055555555555556 0.083333333333333 -0.041666666666667 -0.055555555555556 -0.041666666666667 0.083333333333333 0.055555555555556 -0.041666666666667 0.083333333333333 -0.027777777777778 0.041666666666667 0.041666666666667 0.027777777777778 0.041666666666667 0.041666666666667 
0.083333333333333 0.083333333333333 0.104166666666667 -0.041666666666667 0.055555555555556 0.041666666666667 0.041666666666667 -0.027777777777778 0.020833333333333 -0.083333333333333 -0.111111111111111 0.083333333333333 0.041666666666667 0.027777777777778 -0.041666666666667 -0.041666666666667 0.055555555555556 -0.083333333333333 0.041666666666667 -0.027777777777778 -0.041666666666667 -0.041666666666667 -0.055555555555556 -0.083333333333333 
0.062500000000000 0.062500000000000 0.125000000000000 -0.041666666666667 0.041666666666667 0.055555555555556 0.020833333333333 -0.020833333333333 0.013888888888889 -0.041666666666667 -0.083333333333333 0.055555555555556 0.083333333333333 0.041666666666667 -0.055555555555556 -0.083333333333333 0.083333333333333 -0.111111111111111 0.041666666666667 -0.041666666666667 -0.027777777777778 -0.041666666666667 -0.083333333333333 -0.055555555555556 
0.083333333333333 0.083333333333333 0.104166666666667 -0.027777777777778 0.041666666666667 0.020833333333333 0.055555555555556 -0.041666666666667 0.041666666666667 -0.111111111111111 -0.083333333333333 0.083333333333333 0.027777777777778 0.041666666666667 -0.041666666666667 -0.027777777777778 0.041666666666667 -0.041666666666667 0.055555555555556 -0.041666666666667 -0.083333333333333 -0.055555555555556 -0.041666666666667 -0.083333333333333 
-0.083333333333333 -0.083333333333333 -0.145833333333333 0.041666666666667 -0.027777777777778 -0.020833333333333 -0.041666666666667 0.055555555555556 -0.041666666666667 0.083333333333333 0.055555555555556 -0.041666666666667 -0.041666666666667 -0.055555555555556 0.083333333333333 0.041666666666667 -0.027777777777778 0.041666666666667 -0.041666666666667 0.055555555555556 0.083333333333333 0.041666666666667 0.027777777777778 0.041666666666667 
0.062500000000000 0.062500000000000 0.125000000000000 -0.020833333333333 0.020833333333333 0.013888888888889 0.041666666666667 -0.041666666666667 0.055555555555556 -0.083333333333333 -0.041666666666667 0.055555555555556 0.041666666666667 0.083333333333333 -0.055555555555556 -0.041666666666667 0.041666666666667 -0.027777777777778 0.083333333333333 -0.083333333333333 -0.111111111111111 -0.083333333333333 -0.041666666666667 -0.055555555555556 
-0.166666666666667 -0.166666666666667 -0.208333333333333 0.055555555555556 -0.083333333333333 -0.041666666666667 -0.111111111111111 0.083333333333333 -0.083333333333333 0.222222222222222 0.166666666666667 -0.166666666666667 -0.055555555555556 -0.083333333333333 0.083333333333333 0.055555555555556 -0.083333333333333 0.083333333333333 -0.111111111111111 0.083333333333333 0.166666666666667 0.111111111111111 0.083333333333333 0.166666666666667 
-0.166666666666667 -0.166666666666667 -0.208333333333333 0.083333333333333 -0.111111111111111 -0.083333333333333 -0.083333333333333 0.055555555555556 -0.041666666666667 0.166666666666667 0.222222222222222 -0.166666666666667 -0.083333333333333 -0.055555555555556 0.083333333333333 0.083333333333333 -0.111111111111111 0.166666666666667 -0.083333333333333 0.055555555555556 0.083333333333333 0.083333333333333 0.111111111111111 0.166666666666667 
0.125000000000000 0.125000000000000 0.166666666666667 -0.041666666666667 0.083333333333333 0.055555555555556 0.083333333333333 -0.041666666666667 0.055555555555556 -0.166666666666667 -0.166666666666667 0.222222222222222 0.083333333333333 0.083333333333333 -0.055555555555556 -0.083333333333333 0.166666666666667 -0.111111111111111 0.166666666666667 -0.083333333333333 -0.111111111111111 -0.166666666666667 -0.166666666666667 -0.222222222222222 
0.083333333333333 0.083333333333333 0.291666666666667 -0.055555555555556 0.041666666666667 0.083333333333333 0.027777777777778 -0.041666666666667 0.041666666666667 -0.055555555555556 -0.083333333333333 0.083333333333333 0.222222222222222 0.166666666666667 -0.166666666666667 -0.222222222222222 0.166666666666667 -0.166666666666667 0.111111111111111 -0.166666666666667 -0.083333333333333 -0.111111111111111 -0.166666666666667 -0.083333333333333 
0.083333333333333 0.083333333333333 0.291666666666667 -0.041666666666667 0.027777777777778 0.041666666666667 0.041666666666667 -0.055555555555556 0.083333333333333 -0.083333333333333 -0.055555555555556 0.083333333333333 0.166666666666667 0.222222222222222 -0.166666666666667 -0.166666666666667 0.111111111111111 -0.083333333333333 0.166666666666667 -0.222222222222222 -0.166666666666667 -0.166666666666667 -0.111111111111111 -0.083333333333333 
-0.125000000000000 -0.125000000000000 -0.333333333333333 0.083333333333333 -0.041666666666667 -0.055555555555556 -0.041666666666667 0.083333333333333 -0.055555555555556 0.083333333333333 0.083333333333333 -0.055555555555556 -0.166666666666667 -0.166666666666667 0.222222222222222 0.166666666666667 -0.083333333333333 0.111111111111111 -0.083333333333333 0.166666666666667 0.111111111111111 0.083333333333333 0.083333333333333 0.055555555555556 
-0.083333333333333 -0.083333333333333 -0.291666666666667 0.055555555555556 -0.041666666666667 -0.083333333333333 -0.027777777777778 0.041666666666667 -0.041666666666667 0.055555555555556 0.083333333333333 -0.083333333333333 -0.222222222222222 -0.166666666666667 0.166666666666667 0.222222222222222 -0.166666666666667 0.166666666666667 -0.111111111111111 0.166666666666667 0.083333333333333 0.111111111111111 0.166666666666667 0.083333333333333 
0.083333333333333 0.083333333333333 0.208333333333333 -0.041666666666667 0.055555555555556 0.083333333333333 0.041666666666667 -0.027777777777778 0.041666666666667 -0.083333333333333 -0.111111111111111 0.166666666666667 0.166666666666667 0.111111111111111 -0.083333333333333 -0.166666666666667 0.222222222222222 -0.166666666666667 0.166666666666667 -0.111111111111111 -0.083333333333333 -0.166666666666667 -0.222222222222222 -0.166666666666667 
