

0.666666666666666 -0.000000000000000 -0.000000000000000 -0.166666666666667 -0.000000000000000 -0.166666666666667 -0.166666666666667 -0.166666666666667 
-0.000000000000000 0.666666666666667 -0.166666666666667 -0.000000000000000 -0.166666666666667 -0.000000000000000 -0.166666666666667 -0.166666666666667 
-0.000000000000000 -0.166666666666667 0.666666666666666 -0.000000000000000 -0.166666666666667 -0.166666666666667 -0.000000000000000 -0.166666666666667 
-0.166666666666667 -0.000000000000000 -0.000000000000000 0.666666666666667 -0.166666666666667 -0.166666666666667 -0.166666666666667 -0.000000000000000 
-0.000000000000000 -0.166666666666667 -0.166666666666667 -0.166666666666667 0.666666666666666 -0.000000000000000 -0.000000000000000 -0.166666666666667 
-0.166666666666667 -0.000000000000000 -0.166666666666667 -0.166666666666667 -0.000000000000000 0.666666666666667 -0.166666666666667 -0.000000000000000 
-0.166666666666667 -0.166666666666667 -0.000000000000000 -0.166666666666667 -0.000000000000000 -0.166666666666667 0.666666666666666 -0.000000000000000 
-0.166666666666667 -0.166666666666667 -0.166666666666667 -0.000000000000000 -0.166666666666667 -0.000000000000000 -0.000000000000000 0.666666666666667 

0.833333333333333 -0.083333333333333 0.166666666666667 -0.166666666666667 -0.083333333333333 -0.250000000000000 -0.166666666666667 -0.250000000000000 
-0.083333333333333 0.666666666666667 -0.083333333333333 -0.000000000000000 -0.166666666666667 -0.000000000000000 -0.166666666666667 -0.166666666666667 
0.166666666666667 -0.083333333333333 0.166666666666667 -0.000000000000000 -0.083333333333333 -0.083333333333333 -0.000000000000000 -0.083333333333333 
-0.166666666666667 -0.000000000000000 -0.000000000000000 0.666666666666667 -0.166666666666667 -0.166666666666667 -0.166666666666667 -0.000000000000000 
-0.083333333333333 -0.166666666666667 -0.083333333333333 -0.166666666666667 0.666666666666666 -0.000000000000000 -0.000000000000000 -0.166666666666667 
-0.250000000000000 -0.000000000000000 -0.083333333333333 -0.166666666666667 -0.000000000000000 0.666666666666667 -0.166666666666667 -0.000000000000000 
-0.166666666666667 -0.166666666666667 -0.000000000000000 -0.166666666666667 -0.000000000000000 -0.166666666666667 0.666666666666666 -0.000000000000000 
-0.250000000000000 -0.166666666666667 -0.083333333333333 -0.000000000000000 -0.166666666666667 -0.000000000000000 -0.000000000000000 0.666666666666667 

0.833333333333333 0.166666666666667 -0.083333333333333 -0.166666666666667 -0.083333333333333 -0.166666666666667 -0.250000000000000 -0.250000000000000 
0.166666666666667 0.166666666666667 -0.083333333333333 -0.000000000000000 -0.083333333333333 -0.000000000000000 -0.083333333333333 -0.083333333333333 
-0.083333333333333 -0.083333333333333 0.666666666666666 -0.000000000000000 -0.166666666666667 -0.166666666666667 -0.000000000000000 -0.166666666666667 
-0.166666666666667 -0.000000000000000 -0.000000000000000 0.666666666666667 -0.166666666666667 -0.166666666666667 -0.166666666666667 -0.000000000000000 
-0.083333333333333 -0.083333333333333 -0.166666666666667 -0.166666666666667 0.666666666666666 -0.000000000000000 -0.000000000000000 -0.166666666666667 
-0.166666666666667 -0.000000000000000 -0.166666666666667 -0.166666666666667 -0.000000000000000 0.666666666666667 -0.166666666666667 -0.000000000000000 
-0.250000000000000 -0.083333333333333 -0.000000000000000 -0.166666666666667 -0.000000000000000 -0.166666666666667 0.666666666666666 -0.000000000000000 
-0.250000000000000 -0.083333333333333 -0.166666666666667 -0.000000000000000 -0.166666666666667 -0.000000000000000 -0.000000000000000 0.666666666666667 

0.916666666666667 0.125000000000000 0.125000000000000 -0.166666666666667 -0.166666666666667 -0.250000000000000 -0.250000000000000 -0.333333333333333 
0.125000000000000 0.166666666666667 -0.041666666666667 -0.000000000000000 -0.083333333333333 -0.000000000000000 -0.083333333333333 -0.083333333333333 
0.125000000000000 -0.041666666666667 0.166666666666667 -0.000000000000000 -0.083333333333333 -0.083333333333333 -0.000000000000000 -0.083333333333333 
-0.166666666666667 -0.000000000000000 -0.000000000000000 0.666666666666667 -0.166666666666667 -0.166666666666667 -0.166666666666667 -0.000000000000000 
-0.166666666666667 -0.083333333333333 -0.083333333333333 -0.166666666666667 0.666666666666666 -0.000000000000000 -0.000000000000000 -0.166666666666667 
-0.250000000000000 -0.000000000000000 -0.083333333333333 -0.166666666666667 -0.000000000000000 0.666666666666667 -0.166666666666667 -0.000000000000000 
-0.250000000000000 -0.083333333333333 -0.000000000000000 -0.166666666666667 -0.000000000000000 -0.166666666666667 0.666666666666666 -0.000000000000000 
-0.333333333333333 -0.083333333333333 -0.083333333333333 -0.000000000000000 -0.166666666666667 -0.000000000000000 -0.000000000000000 0.666666666666667 

0.833333333333334 -0.083333333333333 -0.083333333333333 -0.250000000000000 0.166666666666667 -0.166666666666667 -0.166666666666667 -0.250000000000000 
-0.083333333333333 0.666666666666667 -0.166666666666667 -0.000000000000000 -0.083333333333333 -0.000000000000000 -0.166666666666667 -0.166666666666667 
-0.083333333333333 -0.166666666666667 0.666666666666666 -0.000000000000000 -0.083333333333333 -0.166666666666667 -0.000000000000000 -0.166666666666667 
-0.250000000000000 -0.000000000000000 -0.000000000000000 0.666666666666667 -0.083333333333333 -0.166666666666667 -0.166666666666667 -0.000000000000000 
0.166666666666667 -0.083333333333333 -0.083333333333333 -0.083333333333333 0.166666666666667 -0.000000000000000 -0.000000000000000 -0.083333333333333 
-0.166666666666667 -0.000000000000000 -0.166666666666667 -0.166666666666667 -0.000000000000000 0.666666666666667 -0.166666666666667 -0.000000000000000 
-0.166666666666667 -0.166666666666667 -0.000000000000000 -0.166666666666667 -0.000000000000000 -0.166666666666667 0.666666666666666 -0.000000000000000 
-0.250000000000000 -0.166666666666667 -0.166666666666667 -0.000000000000000 -0.083333333333333 -0.000000000000000 -0.000000000000000 0.666666666666667 

0.916666666666667 -0.166666666666667 0.125000000000000 -0.250000000000000 0.125000000000000 -0.250000000000000 -0.166666666666667 -0.333333333333333 
-0.166666666666667 0.666666666666667 -0.083333333333333 -0.000000000000000 -0.083333333333333 -0.000000000000000 -0.166666666666667 -0.166666666666667 
0.125000000000000 -0.083333333333333 0.166666666666667 -0.000000000000000 -0.041666666666667 -0.083333333333333 -0.000000000000000 -0.083333333333333 
-0.250000000000000 -0.000000000000000 -0.000000000000000 0.666666666666667 -0.083333333333333 -0.166666666666667 -0.166666666666667 -0.000000000000000 
0.125000000000000 -0.083333333333333 -0.041666666666667 -0.083333333333333 0.166666666666667 -0.000000000000000 -0.000000000000000 -0.083333333333333 
-0.250000000000000 -0.000000000000000 -0.083333333333333 -0.166666666666667 -0.000000000000000 0.666666666666667 -0.166666666666667 -0.000000000000000 
-0.166666666666667 -0.166666666666667 -0.000000000000000 -0.166666666666667 -0.000000000000000 -0.166666666666667 0.666666666666666 -0.000000000000000 
-0.333333333333333 -0.166666666666667 -0.083333333333333 -0.000000000000000 -0.083333333333333 -0.000000000000000 -0.000000000000000 0.666666666666667 

0.916666666666667 0.125000000000000 -0.166666666666667 -0.250000000000000 0.125000000000000 -0.166666666666667 -0.250000000000000 -0.333333333333333 
0.125000000000000 0.166666666666667 -0.083333333333333 -0.000000000000000 -0.041666666666667 -0.000000000000000 -0.083333333333333 -0.083333333333333 
-0.166666666666667 -0.083333333333333 0.666666666666666 -0.000000000000000 -0.083333333333333 -0.166666666666667 -0.000000000000000 -0.166666666666667 
-0.250000000000000 -0.000000000000000 -0.000000000000000 0.666666666666667 -0.083333333333333 -0.166666666666667 -0.166666666666667 -0.000000000000000 
0.125000000000000 -0.041666666666667 -0.083333333333333 -0.083333333333333 0.166666666666667 -0.000000000000000 -0.000000000000000 -0.083333333333333 
-0.166666666666667 -0.000000000000000 -0.166666666666667 -0.166666666666667 -0.000000000000000 0.666666666666667 -0.166666666666667 -0.000000000000000 
-0.250000000000000 -0.083333333333333 -0.000000000000000 -0.166666666666667 -0.000000000000000 -0.166666666666667 0.666666666666666 -0.000000000000000 
-0.333333333333333 -0.083333333333333 -0.166666666666667 -0.000000000000000 -0.083333333333333 -0.000000000000000 -0.000000000000000 0.666666666666667 

0.916666666666667 0.083333333333333 0.083333333333333 -0.250000000000000 0.083333333333333 -0.250000000000000 -0.250000000000000 -0.416666666666667 
0.083333333333333 0.166666666666667 -0.041666666666667 -0.000000000000000 -0.041666666666667 -0.000000000000000 -0.083333333333333 -0.083333333333333 
0.083333333333333 -0.041666666666667 0.166666666666667 -0.000000000000000 -0.041666666666667 -0.083333333333333 -0.000000000000000 -0.083333333333333 
-0.250000000000000 -0.000000000000000 -0.000000000000000 0.666666666666667 -0.083333333333333 -0.166666666666667 -0.166666666666667 -0.000000000000000 
0.083333333333333 -0.041666666666667 -0.041666666666667 -0.083333333333333 0.166666666666667 -0.000000000000000 -0.000000000000000 -0.083333333333333 
-0.250000000000000 -0.000000000000000 -0.083333333333333 -0.166666666666667 -0.000000000000000 0.666666666666667 -0.166666666666667 -0.000000000000000 
-0.250000000000000 -0.083333333333333 -0.000000000000000 -0.166666666666667 -0.000000000000000 -0.166666666666667 0.666666666666666 -0.000000000000000 
-0.416666666666667 -0.083333333333333 -0.083333333333333 -0.000000000000000 -0.083333333333333 -0.000000000000000 -0.000000000000000 0.666666666666667 

0.875000000000000 0.125000000000000 0.125000000000000 -0.000000000000000 -0.208333333333333 -0.291666666666667 -0.291666666666667 -0.333333333333333 
0.125000000000000 0.208333333333333 -0.000000000000000 0.041666666666667 -0.125000000000000 -0.041666666666667 -0.125000000000000 -0.083333333333333 
0.125000000000000 -0.000000000000000 0.208333333333333 0.041666666666667 -0.125000000000000 -0.125000000000000 -0.041666666666667 -0.083333333333333 
-0.000000000000000 0.041666666666667 0.041666666666667 0.041666666666667 -0.041666666666667 -0.041666666666667 -0.041666666666667 -0.000000000000000 
-0.208333333333333 -0.125000000000000 -0.125000000000000 -0.041666666666667 0.666666666666666 -0.000000000000000 -0.000000000000000 -0.166666666666667 
-0.291666666666667 -0.041666666666667 -0.125000000000000 -0.041666666666667 -0.000000000000000 0.666666666666667 -0.166666666666667 -0.000000000000000 
-0.291666666666667 -0.125000000000000 -0.041666666666667 -0.041666666666667 -0.000000000000000 -0.166666666666667 0.666666666666666 -0.000000000000000 
-0.333333333333333 -0.083333333333333 -0.083333333333333 -0.000000000000000 -0.166666666666667 -0.000000000000000 -0.000000000000000 0.666666666666667 

0.833333333333333 0.062500000000000 0.062500000000000 -0.020833333333333 0.062500000000000 -0.291666666666667 -0.291666666666667 -0.416666666666667 
0.062500000000000 0.208333333333333 -0.000000000000000 0.041666666666667 -0.062500000000000 -0.041666666666667 -0.125000000000000 -0.083333333333333 
0.062500000000000 -0.000000000000000 0.208333333333333 0.041666666666667 -0.062500000000000 -0.125000000000000 -0.041666666666667 -0.083333333333333 
-0.020833333333333 0.041666666666667 0.041666666666667 0.041666666666667 -0.020833333333333 -0.041666666666667 -0.041666666666667 -0.000000000000000 
0.062500000000000 -0.062500000000000 -0.062500000000000 -0.020833333333333 0.166666666666667 -0.000000000000000 -0.000000000000000 -0.083333333333333 
-0.291666666666667 -0.041666666666667 -0.125000000000000 -0.041666666666667 -0.000000000000000 0.666666666666667 -0.166666666666667 -0.000000000000000 
-0.291666666666667 -0.125000000000000 -0.041666666666667 -0.041666666666667 -0.000000000000000 -0.166666666666667 0.666666666666666 -0.000000000000000 
-0.416666666666667 -0.083333333333333 -0.083333333333333 -0.000000000000000 -0.083333333333333 -0.000000000000000 -0.000000000000000 0.666666666666667 

0.875000000000000 -0.208333333333333 0.125000000000000 -0.291666666666667 0.125000000000000 -0.291666666666667 -0.000000000000000 -0.333333333333333 
-0.208333333333333 0.666666666666667 -0.125000000000000 -0.000000000000000 -0.125000000000000 -0.000000000000000 -0.041666666666667 -0.166666666666667 
0.125000000000000 -0.125000000000000 0.208333333333333 -0.041666666666667 -0.000000000000000 -0.125000000000000 0.041666666666667 -0.083333333333333 
-0.291666666666667 -0.000000000000000 -0.041666666666667 0.666666666666667 -0.125000000000000 -0.166666666666667 -0.041666666666667 -0.000000000000000 
0.125000000000000 -0.125000000000000 -0.000000000000000 -0.125000000000000 0.208333333333333 -0.041666666666667 0.041666666666667 -0.083333333333333 
-0.291666666666667 -0.000000000000000 -0.125000000000000 -0.166666666666667 -0.041666666666667 0.666666666666667 -0.041666666666667 -0.000000000000000 
-0.000000000000000 -0.041666666666667 0.041666666666667 -0.041666666666667 0.041666666666667 -0.041666666666667 0.041666666666667 -0.000000000000000 
-0.333333333333333 -0.166666666666667 -0.083333333333333 -0.000000000000000 -0.083333333333333 -0.000000000000000 -0.000000000000000 0.666666666666667 

0.833333333333333 0.062500000000000 0.062500000000000 -0.291666666666667 0.062500000000000 -0.291666666666667 -0.020833333333333 -0.416666666666667 
0.062500000000000 0.166666666666667 -0.062500000000000 -0.000000000000000 -0.062500000000000 -0.000000000000000 -0.020833333333333 -0.083333333333333 
0.062500000000000 -0.062500000000000 0.208333333333333 -0.041666666666667 -0.000000000000000 -0.125000000000000 0.041666666666667 -0.083333333333333 
-0.291666666666667 -0.000000000000000 -0.041666666666667 0.666666666666667 -0.125000000000000 -0.166666666666667 -0.041666666666667 -0.000000000000000 
0.062500000000000 -0.062500000000000 -0.000000000000000 -0.125000000000000 0.208333333333333 -0.041666666666667 0.041666666666667 -0.083333333333333 
-0.291666666666667 -0.000000000000000 -0.125000000000000 -0.166666666666667 -0.041666666666667 0.666666666666667 -0.041666666666667 -0.000000000000000 
-0.020833333333333 -0.020833333333333 0.041666666666667 -0.041666666666667 0.041666666666667 -0.041666666666667 0.041666666666667 -0.000000000000000 
-0.416666666666667 -0.083333333333333 -0.083333333333333 -0.000000000000000 -0.083333333333333 -0.000000000000000 -0.000000000000000 0.666666666666667 

0.729166666666667 0.031250000000000 0.020833333333333 -0.031250000000000 0.031250000000000 -0.333333333333333 -0.031250000000000 -0.416666666666667 
0.031250000000000 0.208333333333333 -0.031250000000000 0.041666666666667 -0.093750000000000 -0.041666666666667 -0.031250000000000 -0.083333333333333 
0.020833333333333 -0.031250000000000 0.229166666666667 0.031250000000000 -0.031250000000000 -0.166666666666667 0.031250000000000 -0.083333333333333 
-0.031250000000000 0.041666666666667 0.031250000000000 0.041666666666667 -0.031250000000000 -0.041666666666667 -0.010416666666667 -0.000000000000000 
0.031250000000000 -0.093750000000000 -0.031250000000000 -0.031250000000000 0.208333333333333 -0.041666666666667 0.041666666666667 -0.083333333333333 
-0.333333333333333 -0.041666666666667 -0.166666666666667 -0.041666666666667 -0.041666666666667 0.666666666666667 -0.041666666666667 -0.000000000000000 
-0.031250000000000 -0.031250000000000 0.031250000000000 -0.010416666666667 0.041666666666667 -0.041666666666667 0.041666666666667 -0.000000000000000 
-0.416666666666667 -0.083333333333333 -0.083333333333333 -0.000000000000000 -0.083333333333333 -0.000000000000000 -0.000000000000000 0.666666666666667 

0.875000000000000 0.125000000000000 -0.208333333333333 -0.291666666666667 0.125000000000000 -0.000000000000000 -0.291666666666667 -0.333333333333333 
0.125000000000000 0.208333333333333 -0.125000000000000 -0.041666666666667 -0.000000000000000 0.041666666666667 -0.125000000000000 -0.083333333333333 
-0.208333333333333 -0.125000000000000 0.666666666666666 -0.000000000000000 -0.125000000000000 -0.041666666666667 -0.000000000000000 -0.166666666666667 
-0.291666666666667 -0.041666666666667 -0.000000000000000 0.666666666666667 -0.125000000000000 -0.041666666666667 -0.166666666666667 -0.000000000000000 
0.125000000000000 -0.000000000000000 -0.125000000000000 -0.125000000000000 0.208333333333333 0.041666666666667 -0.041666666666667 -0.083333333333333 
-0.000000000000000 0.041666666666667 -0.041666666666667 -0.041666666666667 0.041666666666667 0.041666666666667 -0.041666666666667 -0.000000000000000 
-0.291666666666667 -0.125000000000000 -0.000000000000000 -0.166666666666667 -0.041666666666667 -0.041666666666667 0.666666666666666 -0.000000000000000 
-0.333333333333333 -0.083333333333333 -0.166666666666667 -0.000000000000000 -0.083333333333333 -0.000000000000000 -0.000000000000000 0.666666666666667 

0.833333333333333 0.062500000000000 0.062500000000000 -0.291666666666667 0.062500000000000 -0.020833333333333 -0.291666666666667 -0.416666666666667 
0.062500000000000 0.208333333333333 -0.062500000000000 -0.041666666666667 -0.000000000000000 0.041666666666667 -0.125000000000000 -0.083333333333333 
0.062500000000000 -0.062500000000000 0.166666666666667 -0.000000000000000 -0.062500000000000 -0.020833333333333 -0.000000000000000 -0.083333333333333 
-0.291666666666667 -0.041666666666667 -0.000000000000000 0.666666666666667 -0.125000000000000 -0.041666666666667 -0.166666666666667 -0.000000000000000 
0.062500000000000 -0.000000000000000 -0.062500000000000 -0.125000000000000 0.208333333333333 0.041666666666667 -0.041666666666667 -0.083333333333333 
-0.020833333333333 0.041666666666667 -0.020833333333333 -0.041666666666667 0.041666666666667 0.041666666666667 -0.041666666666667 -0.000000000000000 
-0.291666666666667 -0.125000000000000 -0.000000000000000 -0.166666666666667 -0.041666666666667 -0.041666666666667 0.666666666666666 -0.000000000000000 
-0.416666666666667 -0.083333333333333 -0.083333333333333 -0.000000000000000 -0.083333333333333 -0.000000000000000 -0.000000000000000 0.666666666666667 

0.729166666666667 0.020833333333333 0.031250000000000 -0.031250000000000 0.031250000000000 -0.031250000000000 -0.333333333333333 -0.416666666666667 
0.020833333333333 0.229166666666667 -0.031250000000000 0.031250000000000 -0.031250000000000 0.031250000000000 -0.166666666666667 -0.083333333333333 
0.031250000000000 -0.031250000000000 0.208333333333333 0.041666666666667 -0.093750000000000 -0.031250000000000 -0.041666666666667 -0.083333333333333 
-0.031250000000000 0.031250000000000 0.041666666666667 0.041666666666667 -0.031250000000000 -0.010416666666667 -0.041666666666667 -0.000000000000000 
0.031250000000000 -0.031250000000000 -0.093750000000000 -0.031250000000000 0.208333333333333 0.041666666666667 -0.041666666666667 -0.083333333333333 
-0.031250000000000 0.031250000000000 -0.031250000000000 -0.010416666666667 0.041666666666667 0.041666666666667 -0.041666666666667 -0.000000000000000 
-0.333333333333333 -0.166666666666667 -0.041666666666667 -0.041666666666667 -0.041666666666667 -0.041666666666667 0.666666666666666 -0.000000000000000 
-0.416666666666667 -0.083333333333333 -0.083333333333333 -0.000000000000000 -0.083333333333333 -0.000000000000000 -0.000000000000000 0.666666666666667 

0.729166666666667 0.031250000000000 0.031250000000000 -0.333333333333333 0.020833333333333 -0.031250000000000 -0.031250000000000 -0.416666666666667 
0.031250000000000 0.208333333333333 -0.093750000000000 -0.041666666666667 -0.031250000000000 0.041666666666667 -0.031250000000000 -0.083333333333333 
0.031250000000000 -0.093750000000000 0.208333333333333 -0.041666666666667 -0.031250000000000 -0.031250000000000 0.041666666666667 -0.083333333333333 
-0.333333333333333 -0.041666666666667 -0.041666666666667 0.666666666666667 -0.166666666666667 -0.041666666666667 -0.041666666666667 -0.000000000000000 
0.020833333333333 -0.031250000000000 -0.031250000000000 -0.166666666666667 0.229166666666667 0.031250000000000 0.031250000000000 -0.083333333333333 
-0.031250000000000 0.041666666666667 -0.031250000000000 -0.041666666666667 0.031250000000000 0.041666666666667 -0.010416666666667 -0.000000000000000 
-0.031250000000000 -0.031250000000000 0.041666666666667 -0.041666666666667 0.031250000000000 -0.010416666666667 0.041666666666667 -0.000000000000000 
-0.416666666666667 -0.083333333333333 -0.083333333333333 -0.000000000000000 -0.083333333333333 -0.000000000000000 -0.000000000000000 0.666666666666667 

0.604166666666667 -0.020833333333333 -0.020833333333333 -0.041666666666667 -0.020833333333333 -0.041666666666667 -0.041666666666667 -0.416666666666667 
-0.020833333333333 0.229166666666667 -0.072916666666667 0.031250000000000 -0.072916666666667 0.031250000000000 -0.041666666666667 -0.083333333333333 
-0.020833333333333 -0.072916666666667 0.229166666666667 0.031250000000000 -0.072916666666667 -0.041666666666667 0.031250000000000 -0.083333333333333 
-0.041666666666667 0.031250000000000 0.031250000000000 0.041666666666667 -0.041666666666667 -0.010416666666667 -0.010416666666667 -0.000000000000000 
-0.020833333333333 -0.072916666666667 -0.072916666666667 -0.041666666666667 0.229166666666667 0.031250000000000 0.031250000000000 -0.083333333333333 
-0.041666666666667 0.031250000000000 -0.041666666666667 -0.010416666666667 0.031250000000000 0.041666666666667 -0.010416666666667 -0.000000000000000 
-0.041666666666667 -0.041666666666667 0.031250000000000 -0.010416666666667 0.031250000000000 -0.010416666666667 0.041666666666667 -0.000000000000000 
-0.416666666666667 -0.083333333333333 -0.083333333333333 -0.000000000000000 -0.083333333333333 -0.000000000000000 -0.000000000000000 0.666666666666667 


0.666666666666666 -0.000000000000000 -0.000000000000000 -0.166666666666667 -0.000000000000000 -0.166666666666667 -0.166666666666667 -0.166666666666667 
-0.000000000000000 0.666666666666667 -0.166666666666667 -0.000000000000000 -0.166666666666667 -0.000000000000000 -0.166666666666667 -0.166666666666667 
-0.000000000000000 -0.166666666666667 0.666666666666666 -0.000000000000000 -0.166666666666667 -0.166666666666667 -0.000000000000000 -0.166666666666667 
-0.166666666666667 -0.000000000000000 -0.000000000000000 0.666666666666667 -0.166666666666667 -0.166666666666667 -0.166666666666667 -0.000000000000000 
-0.000000000000000 -0.166666666666667 -0.166666666666667 -0.166666666666667 0.666666666666666 -0.000000000000000 -0.000000000000000 -0.166666666666667 
-0.166666666666667 -0.000000000000000 -0.166666666666667 -0.166666666666667 -0.000000000000000 0.666666666666667 -0.166666666666667 -0.000000000000000 
-0.166666666666667 -0.166666666666667 -0.000000000000000 -0.166666666666667 -0.000000000000000 -0.166666666666667 0.666666666666666 -0.000000000000000 
-0.166666666666667 -0.166666666666667 -0.166666666666667 -0.000000000000000 -0.166666666666667 -0.000000000000000 -0.000000000000000 0.666666666666667 

0.166666666666667 0.166666666666667 -0.000000000000000 -0.083333333333333 -0.000000000000000 -0.083333333333333 -0.083333333333333 -0.083333333333333 
0.166666666666667 0.833333333333333 -0.166666666666667 -0.083333333333333 -0.166666666666667 -0.083333333333333 -0.250000000000000 -0.250000000000000 
-0.000000000000000 -0.166666666666667 0.666666666666666 -0.000000000000000 -0.166666666666667 -0.166666666666667 -0.000000000000000 -0.166666666666667 
-0.083333333333333 -0.083333333333333 -0.000000000000000 0.666666666666667 -0.166666666666667 -0.166666666666667 -0.166666666666667 -0.000000000000000 
-0.000000000000000 -0.166666666666667 -0.166666666666667 -0.166666666666667 0.666666666666666 -0.000000000000000 -0.000000000000000 -0.166666666666667 
-0.083333333333333 -0.083333333333333 -0.166666666666667 -0.166666666666667 -0.000000000000000 0.666666666666667 -0.166666666666667 -0.000000000000000 
-0.083333333333333 -0.250000000000000 -0.000000000000000 -0.166666666666667 -0.000000000000000 -0.166666666666667 0.666666666666666 -0.000000000000000 
-0.083333333333333 -0.250000000000000 -0.166666666666667 -0.000000000000000 -0.166666666666667 -0.000000000000000 -0.000000000000000 0.666666666666667 

0.666666666666666 -0.083333333333333 -0.000000000000000 -0.083333333333333 -0.000000000000000 -0.166666666666667 -0.166666666666667 -0.166666666666667 
-0.083333333333333 0.833333333333333 -0.166666666666667 0.166666666666667 -0.250000000000000 -0.083333333333333 -0.250000000000000 -0.166666666666667 
-0.000000000000000 -0.166666666666667 0.666666666666666 -0.000000000000000 -0.166666666666667 -0.166666666666667 -0.000000000000000 -0.166666666666667 
-0.083333333333333 0.166666666666667 -0.000000000000000 0.166666666666667 -0.083333333333333 -0.083333333333333 -0.083333333333333 -0.000000000000000 
-0.000000000000000 -0.250000000000000 -0.166666666666667 -0.083333333333333 0.666666666666666 -0.000000000000000 -0.000000000000000 -0.166666666666667 
-0.166666666666667 -0.083333333333333 -0.166666666666667 -0.083333333333333 -0.000000000000000 0.666666666666667 -0.166666666666667 -0.000000000000000 
-0.166666666666667 -0.250000000000000 -0.000000000000000 -0.083333333333333 -0.000000000000000 -0.166666666666667 0.666666666666666 -0.000000000000000 
-0.166666666666667 -0.166666666666667 -0.166666666666667 -0.000000000000000 -0.166666666666667 -0.000000000000000 -0.000000000000000 0.666666666666667 

0.166666666666667 0.125000000000000 -0.000000000000000 -0.041666666666667 -0.000000000000000 -0.083333333333333 -0.083333333333333 -0.083333333333333 
0.125000000000000 0.916666666666667 -0.166666666666667 0.125000000000000 -0.250000000000000 -0.166666666666667 -0.333333333333333 -0.250000000000000 
-0.000000000000000 -0.166666666666667 0.666666666666666 -0.000000000000000 -0.166666666666667 -0.166666666666667 -0.000000000000000 -0.166666666666667 
-0.041666666666667 0.125000000000000 -0.000000000000000 0.166666666666667 -0.083333333333333 -0.083333333333333 -0.083333333333333 -0.000000000000000 
-0.000000000000000 -0.250000000000000 -0.166666666666667 -0.083333333333333 0.666666666666666 -0.000000000000000 -0.000000000000000 -0.166666666666667 
-0.083333333333333 -0.166666666666667 -0.166666666666667 -0.083333333333333 -0.000000000000000 0.666666666666667 -0.166666666666667 -0.000000000000000 
-0.083333333333333 -0.333333333333333 -0.000000000000000 -0.083333333333333 -0.000000000000000 -0.166666666666667 0.666666666666666 -0.000000000000000 
-0.083333333333333 -0.250000000000000 -0.166666666666667 -0.000000000000000 -0.166666666666667 -0.000000000000000 -0.000000000000000 0.666666666666667 

0.666666666666666 -0.083333333333333 -0.000000000000000 -0.166666666666667 -0.000000000000000 -0.083333333333333 -0.166666666666667 -0.166666666666667 
-0.083333333333333 0.833333333333334 -0.250000000000000 -0.083333333333333 -0.166666666666667 0.166666666666667 -0.250000000000000 -0.166666666666667 
-0.000000000000000 -0.250000000000000 0.666666666666666 -0.000000000000000 -0.166666666666667 -0.083333333333333 -0.000000000000000 -0.166666666666667 
-0.166666666666667 -0.083333333333333 -0.000000000000000 0.666666666666667 -0.166666666666667 -0.083333333333333 -0.166666666666667 -0.000000000000000 
-0.000000000000000 -0.166666666666667 -0.166666666666667 -0.166666666666667 0.666666666666666 -0.000000000000000 -0.000000000000000 -0.166666666666667 
-0.083333333333333 0.166666666666667 -0.083333333333333 -0.083333333333333 -0.000000000000000 0.166666666666667 -0.083333333333333 -0.000000000000000 
-0.166666666666667 -0.250000000000000 -0.000000000000000 -0.166666666666667 -0.000000000000000 -0.083333333333333 0.666666666666666 -0.000000000000000 
-0.166666666666667 -0.166666666666667 -0.166666666666667 -0.000000000000000 -0.166666666666667 -0.000000000000000 -0.000000000000000 0.666666666666667 

0.166666666666667 0.125000000000000 -0.000000000000000 -0.083333333333333 -0.000000000000000 -0.041666666666667 -0.083333333333333 -0.083333333333333 
0.125000000000000 0.916666666666667 -0.250000000000000 -0.166666666666667 -0.166666666666667 0.125000000000000 -0.333333333333333 -0.250000000000000 
-0.000000000000000 -0.250000000000000 0.666666666666666 -0.000000000000000 -0.166666666666667 -0.083333333333333 -0.000000000000000 -0.166666666666667 
-0.083333333333333 -0.166666666666667 -0.000000000000000 0.666666666666667 -0.166666666666667 -0.083333333333333 -0.166666666666667 -0.000000000000000 
-0.000000000000000 -0.166666666666667 -0.166666666666667 -0.166666666666667 0.666666666666666 -0.000000000000000 -0.000000000000000 -0.166666666666667 
-0.041666666666667 0.125000000000000 -0.083333333333333 -0.083333333333333 -0.000000000000000 0.166666666666667 -0.083333333333333 -0.000000000000000 
-0.083333333333333 -0.333333333333333 -0.000000000000000 -0.166666666666667 -0.000000000000000 -0.083333333333333 0.666666666666666 -0.000000000000000 
-0.083333333333333 -0.250000000000000 -0.166666666666667 -0.000000000000000 -0.166666666666667 -0.000000000000000 -0.000000000000000 0.666666666666667 

0.666666666666666 -0.166666666666667 -0.000000000000000 -0.083333333333333 -0.000000000000000 -0.083333333333333 -0.166666666666667 -0.166666666666667 
-0.166666666666667 0.916666666666667 -0.250000000000000 0.125000000000000 -0.250000000000000 0.125000000000000 -0.333333333333333 -0.166666666666667 
-0.000000000000000 -0.250000000000000 0.666666666666666 -0.000000000000000 -0.166666666666667 -0.083333333333333 -0.000000000000000 -0.166666666666667 
-0.083333333333333 0.125000000000000 -0.000000000000000 0.166666666666667 -0.083333333333333 -0.041666666666667 -0.083333333333333 -0.000000000000000 
-0.000000000000000 -0.250000000000000 -0.166666666666667 -0.083333333333333 0.666666666666666 -0.000000000000000 -0.000000000000000 -0.166666666666667 
-0.083333333333333 0.125000000000000 -0.083333333333333 -0.041666666666667 -0.000000000000000 0.166666666666667 -0.083333333333333 -0.000000000000000 
-0.166666666666667 -0.333333333333333 -0.000000000000000 -0.083333333333333 -0.000000000000000 -0.083333333333333 0.666666666666666 -0.000000000000000 
-0.166666666666667 -0.166666666666667 -0.166666666666667 -0.000000000000000 -0.166666666666667 -0.000000000000000 -0.000000000000000 0.666666666666667 

0.166666666666667 0.083333333333333 -0.000000000000000 -0.041666666666667 -0.000000000000000 -0.041666666666667 -0.083333333333333 -0.083333333333333 
0.083333333333333 0.916666666666667 -0.250000000000000 0.083333333333333 -0.250000000000000 0.083333333333333 -0.416666666666667 -0.250000000000000 
-0.000000000000000 -0.250000000000000 0.666666666666666 -0.000000000000000 -0.166666666666667 -0.083333333333333 -0.000000000000000 -0.166666666666667 
-0.041666666666667 0.083333333333333 -0.000000000000000 0.166666666666667 -0.083333333333333 -0.041666666666667 -0.083333333333333 -0.000000000000000 
-0.000000000000000 -0.250000000000000 -0.166666666666667 -0.083333333333333 0.666666666666666 -0.000000000000000 -0.000000000000000 -0.166666666666667 
-0.041666666666667 0.083333333333333 -0.083333333333333 -0.041666666666667 -0.000000000000000 0.166666666666667 -0.083333333333333 -0.000000000000000 
-0.083333333333333 -0.416666666666667 -0.000000000000000 -0.083333333333333 -0.000000000000000 -0.083333333333333 0.666666666666666 -0.000000000000000 
-0.083333333333333 -0.250000000000000 -0.166666666666667 -0.000000000000000 -0.166666666666667 -0.000000000000000 -0.000000000000000 0.666666666666667 

0.208333333333333 0.125000000000000 0.041666666666667 -0.000000000000000 -0.041666666666667 -0.125000000000000 -0.083333333333333 -0.125000000000000 
0.125000000000000 0.875000000000000 -0.000000000000000 0.125000000000000 -0.291666666666667 -0.208333333333333 -0.333333333333333 -0.291666666666667 
0.041666666666667 -0.000000000000000 0.041666666666667 0.041666666666667 -0.041666666666667 -0.041666666666667 -0.000000000000000 -0.041666666666667 
-0.000000000000000 0.125000000000000 0.041666666666667 0.208333333333333 -0.125000000000000 -0.125000000000000 -0.083333333333333 -0.041666666666667 
-0.041666666666667 -0.291666666666667 -0.041666666666667 -0.125000000000000 0.666666666666666 -0.000000000000000 -0.000000000000000 -0.166666666666667 
-0.125000000000000 -0.208333333333333 -0.041666666666667 -0.125000000000000 -0.000000000000000 0.666666666666667 -0.166666666666667 -0.000000000000000 
-0.083333333333333 -0.333333333333333 -0.000000000000000 -0.083333333333333 -0.000000000000000 -0.166666666666667 0.666666666666666 -0.000000000000000 
-0.125000000000000 -0.291666666666667 -0.041666666666667 -0.041666666666667 -0.166666666666667 -0.000000000000000 -0.000000000000000 0.666666666666667 

0.208333333333333 0.062500000000000 0.041666666666667 -0.000000000000000 -0.041666666666667 -0.062500000000000 -0.083333333333333 -0.125000000000000 
0.062500000000000 0.833333333333333 -0.020833333333333 0.062500000000000 -0.291666666666667 0.062500000000000 -0.416666666666667 -0.291666666666667 
0.041666666666667 -0.020833333333333 0.041666666666667 0.041666666666667 -0.041666666666667 -0.020833333333333 -0.000000000000000 -0.041666666666667 
-0.000000000000000 0.062500000000000 0.041666666666667 0.208333333333333 -0.125000000000000 -0.062500000000000 -0.083333333333333 -0.041666666666667 
-0.041666666666667 -0.291666666666667 -0.041666666666667 -0.125000000000000 0.666666666666666 -0.000000000000000 -0.000000000000000 -0.166666666666667 
-0.062500000000000 0.062500000000000 -0.020833333333333 -0.062500000000000 -0.000000000000000 0.166666666666667 -0.083333333333333 -0.000000000000000 
-0.083333333333333 -0.416666666666667 -0.000000000000000 -0.083333333333333 -0.000000000000000 -0.083333333333333 0.666666666666666 -0.000000000000000 
-0.125000000000000 -0.291666666666667 -0.041666666666667 -0.041666666666667 -0.166666666666667 -0.000000000000000 -0.000000000000000 0.666666666666667 

0.208333333333333 0.125000000000000 -0.041666666666667 -0.125000000000000 0.041666666666667 0.000000000000000 -0.083333333333333 -0.125000000000000 
0.125000000000000 0.875000000000000 -0.291666666666667 -0.208333333333333 -0.000000000000000 0.125000000000000 -0.333333333333333 -0.291666666666667 
-0.041666666666667 -0.291666666666667 0.666666666666666 -0.000000000000000 -0.041666666666667 -0.125000000000000 -0.000000000000000 -0.166666666666667 
-0.125000000000000 -0.208333333333333 -0.000000000000000 0.666666666666667 -0.041666666666667 -0.125000000000000 -0.166666666666667 -0.000000000000000 
0.041666666666667 -0.000000000000000 -0.041666666666667 -0.041666666666667 0.041666666666667 0.041666666666667 -0.000000000000000 -0.041666666666667 
0.000000000000000 0.125000000000000 -0.125000000000000 -0.125000000000000 0.041666666666667 0.208333333333333 -0.083333333333333 -0.041666666666667 
-0.083333333333333 -0.333333333333333 -0.000000000000000 -0.166666666666667 -0.000000000000000 -0.083333333333333 0.666666666666666 -0.000000000000000 
-0.125000000000000 -0.291666666666667 -0.166666666666667 -0.000000000000000 -0.041666666666667 -0.041666666666667 -0.000000000000000 0.666666666666667 

0.208333333333333 0.062500000000000 -0.041666666666667 -0.062500000000000 0.041666666666667 0.000000000000000 -0.083333333333333 -0.125000000000000 
0.062500000000000 0.833333333333333 -0.291666666666667 0.062500000000000 -0.020833333333333 0.062500000000000 -0.416666666666667 -0.291666666666667 
-0.041666666666667 -0.291666666666667 0.666666666666666 -0.000000000000000 -0.041666666666667 -0.125000000000000 -0.000000000000000 -0.166666666666667 
-0.062500000000000 0.062500000000000 -0.000000000000000 0.166666666666667 -0.020833333333333 -0.062500000000000 -0.083333333333333 -0.000000000000000 
0.041666666666667 -0.020833333333333 -0.041666666666667 -0.020833333333333 0.041666666666667 0.041666666666667 -0.000000000000000 -0.041666666666667 
0.000000000000000 0.062500000000000 -0.125000000000000 -0.062500000000000 0.041666666666667 0.208333333333333 -0.083333333333333 -0.041666666666667 
-0.083333333333333 -0.416666666666667 -0.000000000000000 -0.083333333333333 -0.000000000000000 -0.083333333333333 0.666666666666666 -0.000000000000000 
-0.125000000000000 -0.291666666666667 -0.166666666666667 -0.000000000000000 -0.041666666666667 -0.041666666666667 -0.000000000000000 0.666666666666667 

0.229166666666667 0.020833333333333 0.031250000000000 -0.031250000000000 0.031250000000000 -0.031250000000000 -0.083333333333333 -0.166666666666667 
0.020833333333333 0.729166666666667 -0.031250000000000 0.031250000000000 -0.031250000000000 0.031250000000000 -0.416666666666667 -0.333333333333333 
0.031250000000000 -0.031250000000000 0.041666666666667 0.041666666666667 -0.010416666666667 -0.031250000000000 -0.000000000000000 -0.041666666666667 
-0.031250000000000 0.031250000000000 0.041666666666667 0.208333333333333 -0.031250000000000 -0.093750000000000 -0.083333333333333 -0.041666666666667 
0.031250000000000 -0.031250000000000 -0.010416666666667 -0.031250000000000 0.041666666666667 0.041666666666667 -0.000000000000000 -0.041666666666667 
-0.031250000000000 0.031250000000000 -0.031250000000000 -0.093750000000000 0.041666666666667 0.208333333333333 -0.083333333333333 -0.041666666666667 
-0.083333333333333 -0.416666666666667 -0.000000000000000 -0.083333333333333 -0.000000000000000 -0.083333333333333 0.666666666666666 -0.000000000000000 
-0.166666666666667 -0.333333333333333 -0.041666666666667 -0.041666666666667 -0.041666666666667 -0.041666666666667 -0.000000000000000 0.666666666666667 

0.666666666666666 -0.208333333333333 -0.000000000000000 -0.125000000000000 -0.000000000000000 -0.125000000000000 -0.166666666666667 -0.041666666666667 
-0.208333333333333 0.875000000000000 -0.291666666666667 0.125000000000000 -0.291666666666667 0.125000000000000 -0.333333333333333 -0.000000000000000 
-0.000000000000000 -0.291666666666667 0.666666666666666 -0.041666666666667 -0.166666666666667 -0.125000000000000 -0.000000000000000 -0.041666666666667 
-0.125000000000000 0.125000000000000 -0.041666666666667 0.208333333333333 -0.125000000000000 -0.000000000000000 -0.083333333333333 0.041666666666667 
-0.000000000000000 -0.291666666666667 -0.166666666666667 -0.125000000000000 0.666666666666666 -0.041666666666667 -0.000000000000000 -0.041666666666667 
-0.125000000000000 0.125000000000000 -0.125000000000000 -0.000000000000000 -0.041666666666667 0.208333333333333 -0.083333333333333 0.041666666666667 
-0.166666666666667 -0.333333333333333 -0.000000000000000 -0.083333333333333 -0.000000000000000 -0.083333333333333 0.666666666666666 -0.000000000000000 
-0.041666666666667 -0.000000000000000 -0.041666666666667 0.041666666666667 -0.041666666666667 0.041666666666667 -0.000000000000000 0.041666666666667 

0.166666666666667 0.062500000000000 -0.000000000000000 -0.062500000000000 -0.000000000000000 -0.062500000000000 -0.083333333333333 -0.020833333333333 
0.062500000000000 0.833333333333333 -0.291666666666667 0.062500000000000 -0.291666666666667 0.062500000000000 -0.416666666666667 -0.020833333333333 
-0.000000000000000 -0.291666666666667 0.666666666666666 -0.041666666666667 -0.166666666666667 -0.125000000000000 -0.000000000000000 -0.041666666666667 
-0.062500000000000 0.062500000000000 -0.041666666666667 0.208333333333333 -0.125000000000000 -0.000000000000000 -0.083333333333333 0.041666666666667 
-0.000000000000000 -0.291666666666667 -0.166666666666667 -0.125000000000000 0.666666666666666 -0.041666666666667 -0.000000000000000 -0.041666666666667 
-0.062500000000000 0.062500000000000 -0.125000000000000 -0.000000000000000 -0.041666666666667 0.208333333333333 -0.083333333333333 0.041666666666667 
-0.083333333333333 -0.416666666666667 -0.000000000000000 -0.083333333333333 -0.000000000000000 -0.083333333333333 0.666666666666666 -0.000000000000000 
-0.020833333333333 -0.020833333333333 -0.041666666666667 0.041666666666667 -0.041666666666667 0.041666666666667 -0.000000000000000 0.041666666666667 

