

0.255208333333333 -0.036458333333333 -0.036458333333333 -0.041666666666667 -0.036458333333333 -0.041666666666667 -0.041666666666667 -0.020833333333333 
-0.036458333333333 0.109375000000000 -0.041666666666667 0.015625000000000 -0.041666666666667 0.015625000000000 -0.020833333333333 0.000000000000000 
-0.036458333333333 -0.041666666666667 0.109375000000000 0.015625000000000 -0.041666666666667 -0.020833333333333 0.015625000000000 0.000000000000000 
-0.041666666666667 0.015625000000000 0.015625000000000 0.026041666666667 -0.020833333333333 0.000000000000000 0.000000000000000 0.005208333333333 
-0.036458333333333 -0.041666666666667 -0.041666666666667 -0.020833333333333 0.109375000000000 0.015625000000000 0.015625000000000 -0.000000000000000 
-0.041666666666667 0.015625000000000 -0.020833333333333 0.000000000000000 0.015625000000000 0.026041666666667 0.000000000000000 0.005208333333333 
-0.041666666666667 -0.020833333333333 0.015625000000000 0.000000000000000 0.015625000000000 0.000000000000000 0.026041666666667 0.005208333333333 
-0.020833333333333 0.000000000000000 0.000000000000000 0.005208333333333 -0.000000000000000 0.005208333333333 0.005208333333333 0.005208333333333 

0.109375000000000 -0.036458333333333 0.015625000000000 -0.041666666666667 0.015625000000000 -0.041666666666667 0.000000000000000 -0.020833333333333 
-0.036458333333333 0.255208333333333 -0.041666666666667 -0.036458333333333 -0.041666666666667 -0.036458333333333 -0.020833333333333 -0.041666666666667 
0.015625000000000 -0.041666666666667 0.026041666666667 0.015625000000000 0.000000000000000 -0.020833333333333 0.005208333333333 0.000000000000000 
-0.041666666666667 -0.036458333333333 0.015625000000000 0.109375000000000 -0.020833333333333 -0.041666666666667 -0.000000000000000 0.015625000000000 
0.015625000000000 -0.041666666666667 0.000000000000000 -0.020833333333333 0.026041666666667 0.015625000000000 0.005208333333333 0.000000000000000 
-0.041666666666667 -0.036458333333333 -0.020833333333333 -0.041666666666667 0.015625000000000 0.109375000000000 -0.000000000000000 0.015625000000000 
0.000000000000000 -0.020833333333333 0.005208333333333 -0.000000000000000 0.005208333333333 -0.000000000000000 0.005208333333333 0.005208333333333 
-0.020833333333333 -0.041666666666667 0.000000000000000 0.015625000000000 0.000000000000000 0.015625000000000 0.005208333333333 0.026041666666667 

0.109375000000000 0.015625000000000 -0.036458333333333 -0.041666666666667 0.015625000000000 0.000000000000000 -0.041666666666667 -0.020833333333333 
0.015625000000000 0.026041666666667 -0.041666666666667 0.015625000000000 0.000000000000000 0.005208333333333 -0.020833333333333 0.000000000000000 
-0.036458333333333 -0.041666666666667 0.255208333333333 -0.036458333333333 -0.041666666666667 -0.020833333333333 -0.036458333333333 -0.041666666666667 
-0.041666666666667 0.015625000000000 -0.036458333333333 0.109375000000000 -0.020833333333333 0.000000000000000 -0.041666666666667 0.015625000000000 
0.015625000000000 0.000000000000000 -0.041666666666667 -0.020833333333333 0.026041666666667 0.005208333333333 0.015625000000000 0.000000000000000 
0.000000000000000 0.005208333333333 -0.020833333333333 0.000000000000000 0.005208333333333 0.005208333333333 -0.000000000000000 0.005208333333333 
-0.041666666666667 -0.020833333333333 -0.036458333333333 -0.041666666666667 0.015625000000000 -0.000000000000000 0.109375000000000 0.015625000000000 
-0.020833333333333 0.000000000000000 -0.041666666666667 0.015625000000000 0.000000000000000 0.005208333333333 0.015625000000000 0.026041666666667 

0.026041666666667 0.015625000000000 0.015625000000000 -0.041666666666667 0.005208333333333 0.000000000000000 0.000000000000000 -0.020833333333333 
0.015625000000000 0.109375000000000 -0.041666666666667 -0.036458333333333 0.000000000000000 0.015625000000000 -0.020833333333333 -0.041666666666667 
0.015625000000000 -0.041666666666667 0.109375000000000 -0.036458333333333 -0.000000000000000 -0.020833333333333 0.015625000000000 -0.041666666666667 
-0.041666666666667 -0.036458333333333 -0.036458333333333 0.255208333333333 -0.020833333333333 -0.041666666666667 -0.041666666666667 -0.036458333333333 
0.005208333333333 0.000000000000000 -0.000000000000000 -0.020833333333333 0.005208333333333 0.005208333333333 0.005208333333333 -0.000000000000000 
0.000000000000000 0.015625000000000 -0.020833333333333 -0.041666666666667 0.005208333333333 0.026041666666667 0.000000000000000 0.015625000000000 
0.000000000000000 -0.020833333333333 0.015625000000000 -0.041666666666667 0.005208333333333 0.000000000000000 0.026041666666667 0.015625000000000 
-0.020833333333333 -0.041666666666667 -0.041666666666667 -0.036458333333333 -0.000000000000000 0.015625000000000 0.015625000000000 0.109375000000000 

0.109375000000000 0.015625000000000 0.015625000000000 -0.000000000000000 -0.036458333333333 -0.041666666666667 -0.041666666666667 -0.020833333333333 
0.015625000000000 0.026041666666667 0.000000000000000 0.005208333333333 -0.041666666666667 0.015625000000000 -0.020833333333333 0.000000000000000 
0.015625000000000 0.000000000000000 0.026041666666667 0.005208333333333 -0.041666666666667 -0.020833333333333 0.015625000000000 0.000000000000000 
-0.000000000000000 0.005208333333333 0.005208333333333 0.005208333333333 -0.020833333333333 0.000000000000000 0.000000000000000 0.005208333333333 
-0.036458333333333 -0.041666666666667 -0.041666666666667 -0.020833333333333 0.255208333333333 -0.036458333333333 -0.036458333333333 -0.041666666666667 
-0.041666666666667 0.015625000000000 -0.020833333333333 0.000000000000000 -0.036458333333333 0.109375000000000 -0.041666666666667 0.015625000000000 
-0.041666666666667 -0.020833333333333 0.015625000000000 0.000000000000000 -0.036458333333333 -0.041666666666667 0.109375000000000 0.015625000000000 
-0.020833333333333 0.000000000000000 0.000000000000000 0.005208333333333 -0.041666666666667 0.015625000000000 0.015625000000000 0.026041666666667 

0.026041666666667 0.015625000000000 0.005208333333333 0.000000000000000 0.015625000000000 -0.041666666666667 0.000000000000000 -0.020833333333333 
0.015625000000000 0.109375000000000 -0.000000000000000 0.015625000000000 -0.041666666666667 -0.036458333333333 -0.020833333333333 -0.041666666666667 
0.005208333333333 -0.000000000000000 0.005208333333333 0.005208333333333 -0.000000000000000 -0.020833333333333 0.005208333333333 -0.000000000000000 
0.000000000000000 0.015625000000000 0.005208333333333 0.026041666666667 -0.020833333333333 -0.041666666666667 0.000000000000000 0.015625000000000 
0.015625000000000 -0.041666666666667 -0.000000000000000 -0.020833333333333 0.109375000000000 -0.036458333333333 0.015625000000000 -0.041666666666667 
-0.041666666666667 -0.036458333333333 -0.020833333333333 -0.041666666666667 -0.036458333333333 0.255208333333333 -0.041666666666667 -0.036458333333333 
0.000000000000000 -0.020833333333333 0.005208333333333 0.000000000000000 0.015625000000000 -0.041666666666667 0.026041666666667 0.015625000000000 
-0.020833333333333 -0.041666666666667 -0.000000000000000 0.015625000000000 -0.041666666666667 -0.036458333333333 0.015625000000000 0.109375000000000 

0.026041666666667 0.005208333333333 0.015625000000000 0.000000000000000 0.015625000000000 0.000000000000000 -0.041666666666667 -0.020833333333333 
0.005208333333333 0.005208333333333 -0.000000000000000 0.005208333333333 0.000000000000000 0.005208333333333 -0.020833333333333 -0.000000000000000 
0.015625000000000 -0.000000000000000 0.109375000000000 0.015625000000000 -0.041666666666667 -0.020833333333333 -0.036458333333333 -0.041666666666667 
0.000000000000000 0.005208333333333 0.015625000000000 0.026041666666667 -0.020833333333333 0.000000000000000 -0.041666666666667 0.015625000000000 
0.015625000000000 0.000000000000000 -0.041666666666667 -0.020833333333333 0.109375000000000 0.015625000000000 -0.036458333333333 -0.041666666666667 
0.000000000000000 0.005208333333333 -0.020833333333333 0.000000000000000 0.015625000000000 0.026041666666667 -0.041666666666667 0.015625000000000 
-0.041666666666667 -0.020833333333333 -0.036458333333333 -0.041666666666667 -0.036458333333333 -0.041666666666667 0.255208333333333 -0.036458333333333 
-0.020833333333333 -0.000000000000000 -0.041666666666667 0.015625000000000 -0.041666666666667 0.015625000000000 -0.036458333333333 0.109375000000000 

0.005208333333333 0.005208333333333 0.005208333333333 -0.000000000000000 0.005208333333333 0.000000000000000 0.000000000000000 -0.020833333333333 
0.005208333333333 0.026041666666667 0.000000000000000 0.015625000000000 0.000000000000000 0.015625000000000 -0.020833333333333 -0.041666666666667 
0.005208333333333 0.000000000000000 0.026041666666667 0.015625000000000 0.000000000000000 -0.020833333333333 0.015625000000000 -0.041666666666667 
-0.000000000000000 0.015625000000000 0.015625000000000 0.109375000000000 -0.020833333333333 -0.041666666666667 -0.041666666666667 -0.036458333333333 
0.005208333333333 0.000000000000000 0.000000000000000 -0.020833333333333 0.026041666666667 0.015625000000000 0.015625000000000 -0.041666666666667 
0.000000000000000 0.015625000000000 -0.020833333333333 -0.041666666666667 0.015625000000000 0.109375000000000 -0.041666666666667 -0.036458333333333 
0.000000000000000 -0.020833333333333 0.015625000000000 -0.041666666666667 0.015625000000000 -0.041666666666667 0.109375000000000 -0.036458333333333 
-0.020833333333333 -0.041666666666667 -0.041666666666667 -0.036458333333333 -0.041666666666667 -0.036458333333333 -0.036458333333333 0.255208333333333 


0.246093750000000 -0.057291666666667 0.009114583333333 -0.033854166666667 -0.057291666666667 -0.052083333333333 -0.033854166666667 -0.020833333333333 
-0.057291666666667 0.109375000000000 -0.020833333333333 0.015625000000000 -0.041666666666667 0.015625000000000 -0.020833333333333 0.000000000000000 
0.009114583333333 -0.020833333333333 0.027343750000000 0.007812500000000 -0.020833333333333 -0.010416666666667 0.007812500000000 0.000000000000000 
-0.033854166666667 0.015625000000000 0.007812500000000 0.026041666666667 -0.020833333333333 0.000000000000000 0.000000000000000 0.005208333333333 
-0.057291666666667 -0.041666666666667 -0.020833333333333 -0.020833333333333 0.109375000000000 0.015625000000000 0.015625000000000 -0.000000000000000 
-0.052083333333333 0.015625000000000 -0.010416666666667 0.000000000000000 0.015625000000000 0.026041666666667 0.000000000000000 0.005208333333333 
-0.033854166666667 -0.020833333333333 0.007812500000000 0.000000000000000 0.015625000000000 0.000000000000000 0.026041666666667 0.005208333333333 
-0.020833333333333 0.000000000000000 0.000000000000000 0.005208333333333 -0.000000000000000 0.005208333333333 0.005208333333333 0.005208333333333 

0.131510416666667 -0.057291666666667 0.014322916666667 -0.033854166666667 0.015625000000000 -0.052083333333333 0.002604166666667 -0.020833333333333 
-0.057291666666667 0.255208333333333 -0.020833333333333 -0.036458333333333 -0.041666666666667 -0.036458333333333 -0.020833333333333 -0.041666666666667 
0.014322916666667 -0.020833333333333 0.006510416666667 0.007812500000000 0.000000000000000 -0.010416666666667 0.002604166666667 0.000000000000000 
-0.033854166666667 -0.036458333333333 0.007812500000000 0.109375000000000 -0.020833333333333 -0.041666666666667 -0.000000000000000 0.015625000000000 
0.015625000000000 -0.041666666666667 0.000000000000000 -0.020833333333333 0.026041666666667 0.015625000000000 0.005208333333333 0.000000000000000 
-0.052083333333333 -0.036458333333333 -0.010416666666667 -0.041666666666667 0.015625000000000 0.109375000000000 -0.000000000000000 0.015625000000000 
0.002604166666667 -0.020833333333333 0.002604166666667 -0.000000000000000 0.005208333333333 -0.000000000000000 0.005208333333333 0.005208333333333 
-0.020833333333333 -0.041666666666667 0.000000000000000 0.015625000000000 0.000000000000000 0.015625000000000 0.005208333333333 0.026041666666667 

0.136718750000000 -0.005208333333333 0.045572916666667 -0.059895833333333 -0.005208333333333 -0.010416666666667 -0.059895833333333 -0.041666666666667 
-0.005208333333333 0.026041666666667 -0.020833333333333 0.015625000000000 0.000000000000000 0.005208333333333 -0.020833333333333 0.000000000000000 
0.045572916666667 -0.020833333333333 0.063802083333333 -0.018229166666667 -0.020833333333333 -0.010416666666667 -0.018229166666667 -0.020833333333333 
-0.059895833333333 0.015625000000000 -0.018229166666667 0.109375000000000 -0.020833333333333 0.000000000000000 -0.041666666666667 0.015625000000000 
-0.005208333333333 0.000000000000000 -0.020833333333333 -0.020833333333333 0.026041666666667 0.005208333333333 0.015625000000000 0.000000000000000 
-0.010416666666667 0.005208333333333 -0.010416666666667 0.000000000000000 0.005208333333333 0.005208333333333 -0.000000000000000 0.005208333333333 
-0.059895833333333 -0.020833333333333 -0.018229166666667 -0.041666666666667 0.015625000000000 -0.000000000000000 0.109375000000000 0.015625000000000 
-0.041666666666667 0.000000000000000 -0.020833333333333 0.015625000000000 0.000000000000000 0.005208333333333 0.015625000000000 0.026041666666667 

0.069010416666667 -0.005208333333333 0.035156250000000 -0.059895833333333 0.005208333333333 -0.010416666666667 0.007812500000000 -0.041666666666667 
-0.005208333333333 0.109375000000000 -0.020833333333333 -0.036458333333333 0.000000000000000 0.015625000000000 -0.020833333333333 -0.041666666666667 
0.035156250000000 -0.020833333333333 0.027343750000000 -0.018229166666667 -0.000000000000000 -0.010416666666667 0.007812500000000 -0.020833333333333 
-0.059895833333333 -0.036458333333333 -0.018229166666667 0.255208333333333 -0.020833333333333 -0.041666666666667 -0.041666666666667 -0.036458333333333 
0.005208333333333 0.000000000000000 -0.000000000000000 -0.020833333333333 0.005208333333333 0.005208333333333 0.005208333333333 -0.000000000000000 
-0.010416666666667 0.015625000000000 -0.010416666666667 -0.041666666666667 0.005208333333333 0.026041666666667 0.000000000000000 0.015625000000000 
0.007812500000000 -0.020833333333333 0.007812500000000 -0.041666666666667 0.005208333333333 0.000000000000000 0.026041666666667 0.015625000000000 
-0.041666666666667 -0.041666666666667 -0.020833333333333 -0.036458333333333 -0.000000000000000 0.015625000000000 0.015625000000000 0.109375000000000 

0.131510416666667 0.015625000000000 0.014322916666667 0.002604166666667 -0.057291666666667 -0.052083333333333 -0.033854166666667 -0.020833333333333 
0.015625000000000 0.026041666666667 0.000000000000000 0.005208333333333 -0.041666666666667 0.015625000000000 -0.020833333333333 0.000000000000000 
0.014322916666667 0.000000000000000 0.006510416666667 0.002604166666667 -0.020833333333333 -0.010416666666667 0.007812500000000 0.000000000000000 
0.002604166666667 0.005208333333333 0.002604166666667 0.005208333333333 -0.020833333333333 0.000000000000000 0.000000000000000 0.005208333333333 
-0.057291666666667 -0.041666666666667 -0.020833333333333 -0.020833333333333 0.255208333333333 -0.036458333333333 -0.036458333333333 -0.041666666666667 
-0.052083333333333 0.015625000000000 -0.010416666666667 0.000000000000000 -0.036458333333333 0.109375000000000 -0.041666666666667 0.015625000000000 
-0.033854166666667 -0.020833333333333 0.007812500000000 0.000000000000000 -0.036458333333333 -0.041666666666667 0.109375000000000 0.015625000000000 
-0.020833333333333 0.000000000000000 0.000000000000000 0.005208333333333 -0.041666666666667 0.015625000000000 0.015625000000000 0.026041666666667 

0.032552083333333 0.015625000000000 0.003906250000000 0.002604166666667 0.015625000000000 -0.052083333333333 0.002604166666667 -0.020833333333333 
0.015625000000000 0.109375000000000 -0.000000000000000 0.015625000000000 -0.041666666666667 -0.036458333333333 -0.020833333333333 -0.041666666666667 
0.003906250000000 -0.000000000000000 0.001302083333333 0.002604166666667 -0.000000000000000 -0.010416666666667 0.002604166666667 -0.000000000000000 
0.002604166666667 0.015625000000000 0.002604166666667 0.026041666666667 -0.020833333333333 -0.041666666666667 0.000000000000000 0.015625000000000 
0.015625000000000 -0.041666666666667 -0.000000000000000 -0.020833333333333 0.109375000000000 -0.036458333333333 0.015625000000000 -0.041666666666667 
-0.052083333333333 -0.036458333333333 -0.010416666666667 -0.041666666666667 -0.036458333333333 0.255208333333333 -0.041666666666667 -0.036458333333333 
0.002604166666667 -0.020833333333333 0.002604166666667 0.000000000000000 0.015625000000000 -0.041666666666667 0.026041666666667 0.015625000000000 
-0.020833333333333 -0.041666666666667 -0.000000000000000 0.015625000000000 -0.041666666666667 -0.036458333333333 0.015625000000000 0.109375000000000 

0.069010416666667 0.005208333333333 0.035156250000000 0.007812500000000 -0.005208333333333 -0.010416666666667 -0.059895833333333 -0.041666666666667 
0.005208333333333 0.005208333333333 -0.000000000000000 0.005208333333333 0.000000000000000 0.005208333333333 -0.020833333333333 -0.000000000000000 
0.035156250000000 -0.000000000000000 0.027343750000000 0.007812500000000 -0.020833333333333 -0.010416666666667 -0.018229166666667 -0.020833333333333 
0.007812500000000 0.005208333333333 0.007812500000000 0.026041666666667 -0.020833333333333 0.000000000000000 -0.041666666666667 0.015625000000000 
-0.005208333333333 0.000000000000000 -0.020833333333333 -0.020833333333333 0.109375000000000 0.015625000000000 -0.036458333333333 -0.041666666666667 
-0.010416666666667 0.005208333333333 -0.010416666666667 0.000000000000000 0.015625000000000 0.026041666666667 -0.041666666666667 0.015625000000000 
-0.059895833333333 -0.020833333333333 -0.018229166666667 -0.041666666666667 -0.036458333333333 -0.041666666666667 0.255208333333333 -0.036458333333333 
-0.041666666666667 -0.000000000000000 -0.020833333333333 0.015625000000000 -0.041666666666667 0.015625000000000 -0.036458333333333 0.109375000000000 

0.016927083333333 0.005208333333333 0.009114583333333 0.007812500000000 0.005208333333333 -0.010416666666667 0.007812500000000 -0.041666666666667 
0.005208333333333 0.026041666666667 0.000000000000000 0.015625000000000 0.000000000000000 0.015625000000000 -0.020833333333333 -0.041666666666667 
0.009114583333333 0.000000000000000 0.006510416666667 0.007812500000000 0.000000000000000 -0.010416666666667 0.007812500000000 -0.020833333333333 
0.007812500000000 0.015625000000000 0.007812500000000 0.109375000000000 -0.020833333333333 -0.041666666666667 -0.041666666666667 -0.036458333333333 
0.005208333333333 0.000000000000000 0.000000000000000 -0.020833333333333 0.026041666666667 0.015625000000000 0.015625000000000 -0.041666666666667 
-0.010416666666667 0.015625000000000 -0.010416666666667 -0.041666666666667 0.015625000000000 0.109375000000000 -0.041666666666667 -0.036458333333333 
0.007812500000000 -0.020833333333333 0.007812500000000 -0.041666666666667 0.015625000000000 -0.041666666666667 0.109375000000000 -0.036458333333333 
-0.041666666666667 -0.041666666666667 -0.020833333333333 -0.036458333333333 -0.041666666666667 -0.036458333333333 -0.036458333333333 0.255208333333333 


0.246093750000000 0.009114583333333 -0.057291666666667 -0.033854166666667 -0.057291666666667 -0.033854166666667 -0.052083333333333 -0.020833333333333 
0.009114583333333 0.027343750000000 -0.020833333333333 0.007812500000000 -0.020833333333333 0.007812500000000 -0.010416666666667 0.000000000000000 
-0.057291666666667 -0.020833333333333 0.109375000000000 0.015625000000000 -0.041666666666667 -0.020833333333333 0.015625000000000 0.000000000000000 
-0.033854166666667 0.007812500000000 0.015625000000000 0.026041666666667 -0.020833333333333 0.000000000000000 0.000000000000000 0.005208333333333 
-0.057291666666667 -0.020833333333333 -0.041666666666667 -0.020833333333333 0.109375000000000 0.015625000000000 0.015625000000000 -0.000000000000000 
-0.033854166666667 0.007812500000000 -0.020833333333333 0.000000000000000 0.015625000000000 0.026041666666667 0.000000000000000 0.005208333333333 
-0.052083333333333 -0.010416666666667 0.015625000000000 0.000000000000000 0.015625000000000 0.000000000000000 0.026041666666667 0.005208333333333 
-0.020833333333333 0.000000000000000 0.000000000000000 0.005208333333333 -0.000000000000000 0.005208333333333 0.005208333333333 0.005208333333333 

0.136718750000000 0.045572916666667 -0.005208333333333 -0.059895833333333 -0.005208333333333 -0.059895833333333 -0.010416666666667 -0.041666666666667 
0.045572916666667 0.063802083333333 -0.020833333333333 -0.018229166666667 -0.020833333333333 -0.018229166666667 -0.010416666666667 -0.020833333333333 
-0.005208333333333 -0.020833333333333 0.026041666666667 0.015625000000000 0.000000000000000 -0.020833333333333 0.005208333333333 0.000000000000000 
-0.059895833333333 -0.018229166666667 0.015625000000000 0.109375000000000 -0.020833333333333 -0.041666666666667 -0.000000000000000 0.015625000000000 
-0.005208333333333 -0.020833333333333 0.000000000000000 -0.020833333333333 0.026041666666667 0.015625000000000 0.005208333333333 0.000000000000000 
-0.059895833333333 -0.018229166666667 -0.020833333333333 -0.041666666666667 0.015625000000000 0.109375000000000 -0.000000000000000 0.015625000000000 
-0.010416666666667 -0.010416666666667 0.005208333333333 -0.000000000000000 0.005208333333333 -0.000000000000000 0.005208333333333 0.005208333333333 
-0.041666666666667 -0.020833333333333 0.000000000000000 0.015625000000000 0.000000000000000 0.015625000000000 0.005208333333333 0.026041666666667 

0.131510416666667 0.014322916666667 -0.057291666666667 -0.033854166666667 0.015625000000000 0.002604166666667 -0.052083333333333 -0.020833333333333 
0.014322916666667 0.006510416666667 -0.020833333333333 0.007812500000000 0.000000000000000 0.002604166666667 -0.010416666666667 0.000000000000000 
-0.057291666666667 -0.020833333333333 0.255208333333333 -0.036458333333333 -0.041666666666667 -0.020833333333333 -0.036458333333333 -0.041666666666667 
-0.033854166666667 0.007812500000000 -0.036458333333333 0.109375000000000 -0.020833333333333 0.000000000000000 -0.041666666666667 0.015625000000000 
0.015625000000000 0.000000000000000 -0.041666666666667 -0.020833333333333 0.026041666666667 0.005208333333333 0.015625000000000 0.000000000000000 
0.002604166666667 0.002604166666667 -0.020833333333333 0.000000000000000 0.005208333333333 0.005208333333333 -0.000000000000000 0.005208333333333 
-0.052083333333333 -0.010416666666667 -0.036458333333333 -0.041666666666667 0.015625000000000 -0.000000000000000 0.109375000000000 0.015625000000000 
-0.020833333333333 0.000000000000000 -0.041666666666667 0.015625000000000 0.000000000000000 0.005208333333333 0.015625000000000 0.026041666666667 

0.069010416666667 0.035156250000000 -0.005208333333333 -0.059895833333333 0.005208333333333 0.007812500000000 -0.010416666666667 -0.041666666666667 
0.035156250000000 0.027343750000000 -0.020833333333333 -0.018229166666667 0.000000000000000 0.007812500000000 -0.010416666666667 -0.020833333333333 
-0.005208333333333 -0.020833333333333 0.109375000000000 -0.036458333333333 -0.000000000000000 -0.020833333333333 0.015625000000000 -0.041666666666667 
-0.059895833333333 -0.018229166666667 -0.036458333333333 0.255208333333333 -0.020833333333333 -0.041666666666667 -0.041666666666667 -0.036458333333333 
0.005208333333333 0.000000000000000 -0.000000000000000 -0.020833333333333 0.005208333333333 0.005208333333333 0.005208333333333 -0.000000000000000 
0.007812500000000 0.007812500000000 -0.020833333333333 -0.041666666666667 0.005208333333333 0.026041666666667 0.000000000000000 0.015625000000000 
-0.010416666666667 -0.010416666666667 0.015625000000000 -0.041666666666667 0.005208333333333 0.000000000000000 0.026041666666667 0.015625000000000 
-0.041666666666667 -0.020833333333333 -0.041666666666667 -0.036458333333333 -0.000000000000000 0.015625000000000 0.015625000000000 0.109375000000000 

0.131510416666667 0.014322916666667 0.015625000000000 0.002604166666667 -0.057291666666667 -0.033854166666667 -0.052083333333333 -0.020833333333333 
0.014322916666667 0.006510416666667 0.000000000000000 0.002604166666667 -0.020833333333333 0.007812500000000 -0.010416666666667 0.000000000000000 
0.015625000000000 0.000000000000000 0.026041666666667 0.005208333333333 -0.041666666666667 -0.020833333333333 0.015625000000000 0.000000000000000 
0.002604166666667 0.002604166666667 0.005208333333333 0.005208333333333 -0.020833333333333 0.000000000000000 0.000000000000000 0.005208333333333 
-0.057291666666667 -0.020833333333333 -0.041666666666667 -0.020833333333333 0.255208333333333 -0.036458333333333 -0.036458333333333 -0.041666666666667 
-0.033854166666667 0.007812500000000 -0.020833333333333 0.000000000000000 -0.036458333333333 0.109375000000000 -0.041666666666667 0.015625000000000 
-0.052083333333333 -0.010416666666667 0.015625000000000 0.000000000000000 -0.036458333333333 -0.041666666666667 0.109375000000000 0.015625000000000 
-0.020833333333333 0.000000000000000 0.000000000000000 0.005208333333333 -0.041666666666667 0.015625000000000 0.015625000000000 0.026041666666667 

0.069010416666667 0.035156250000000 0.005208333333333 0.007812500000000 -0.005208333333333 -0.059895833333333 -0.010416666666667 -0.041666666666667 
0.035156250000000 0.027343750000000 -0.000000000000000 0.007812500000000 -0.020833333333333 -0.018229166666667 -0.010416666666667 -0.020833333333333 
0.005208333333333 -0.000000000000000 0.005208333333333 0.005208333333333 -0.000000000000000 -0.020833333333333 0.005208333333333 -0.000000000000000 
0.007812500000000 0.007812500000000 0.005208333333333 0.026041666666667 -0.020833333333333 -0.041666666666667 0.000000000000000 0.015625000000000 
-0.005208333333333 -0.020833333333333 -0.000000000000000 -0.020833333333333 0.109375000000000 -0.036458333333333 0.015625000000000 -0.041666666666667 
-0.059895833333333 -0.018229166666667 -0.020833333333333 -0.041666666666667 -0.036458333333333 0.255208333333333 -0.041666666666667 -0.036458333333333 
-0.010416666666667 -0.010416666666667 0.005208333333333 0.000000000000000 0.015625000000000 -0.041666666666667 0.026041666666667 0.015625000000000 
-0.041666666666667 -0.020833333333333 -0.000000000000000 0.015625000000000 -0.041666666666667 -0.036458333333333 0.015625000000000 0.109375000000000 

0.032552083333333 0.003906250000000 0.015625000000000 0.002604166666667 0.015625000000000 0.002604166666667 -0.052083333333333 -0.020833333333333 
0.003906250000000 0.001302083333333 -0.000000000000000 0.002604166666667 0.000000000000000 0.002604166666667 -0.010416666666667 -0.000000000000000 
0.015625000000000 -0.000000000000000 0.109375000000000 0.015625000000000 -0.041666666666667 -0.020833333333333 -0.036458333333333 -0.041666666666667 
0.002604166666667 0.002604166666667 0.015625000000000 0.026041666666667 -0.020833333333333 0.000000000000000 -0.041666666666667 0.015625000000000 
0.015625000000000 0.000000000000000 -0.041666666666667 -0.020833333333333 0.109375000000000 0.015625000000000 -0.036458333333333 -0.041666666666667 
0.002604166666667 0.002604166666667 -0.020833333333333 0.000000000000000 0.015625000000000 0.026041666666667 -0.041666666666667 0.015625000000000 
-0.052083333333333 -0.010416666666667 -0.036458333333333 -0.041666666666667 -0.036458333333333 -0.041666666666667 0.255208333333333 -0.036458333333333 
-0.020833333333333 -0.000000000000000 -0.041666666666667 0.015625000000000 -0.041666666666667 0.015625000000000 -0.036458333333333 0.109375000000000 

0.016927083333333 0.009114583333333 0.005208333333333 0.007812500000000 0.005208333333333 0.007812500000000 -0.010416666666667 -0.041666666666667 
0.009114583333333 0.006510416666667 0.000000000000000 0.007812500000000 0.000000000000000 0.007812500000000 -0.010416666666667 -0.020833333333333 
0.005208333333333 0.000000000000000 0.026041666666667 0.015625000000000 0.000000000000000 -0.020833333333333 0.015625000000000 -0.041666666666667 
0.007812500000000 0.007812500000000 0.015625000000000 0.109375000000000 -0.020833333333333 -0.041666666666667 -0.041666666666667 -0.036458333333333 
0.005208333333333 0.000000000000000 0.000000000000000 -0.020833333333333 0.026041666666667 0.015625000000000 0.015625000000000 -0.041666666666667 
0.007812500000000 0.007812500000000 -0.020833333333333 -0.041666666666667 0.015625000000000 0.109375000000000 -0.041666666666667 -0.036458333333333 
-0.010416666666667 -0.010416666666667 0.015625000000000 -0.041666666666667 0.015625000000000 -0.041666666666667 0.109375000000000 -0.036458333333333 
-0.041666666666667 -0.020833333333333 -0.041666666666667 -0.036458333333333 -0.041666666666667 -0.036458333333333 -0.036458333333333 0.255208333333333 


0.216145833333333 -0.001302083333333 -0.001302083333333 -0.026041666666667 -0.078125000000000 -0.044270833333333 -0.044270833333333 -0.020833333333333 
-0.001302083333333 0.027343750000000 -0.010416666666667 0.007812500000000 -0.020833333333333 0.007812500000000 -0.010416666666667 0.000000000000000 
-0.001302083333333 -0.010416666666667 0.027343750000000 0.007812500000000 -0.020833333333333 -0.010416666666667 0.007812500000000 0.000000000000000 
-0.026041666666667 0.007812500000000 0.007812500000000 0.026041666666667 -0.020833333333333 0.000000000000000 0.000000000000000 0.005208333333333 
-0.078125000000000 -0.020833333333333 -0.020833333333333 -0.020833333333333 0.109375000000000 0.015625000000000 0.015625000000000 -0.000000000000000 
-0.044270833333333 0.007812500000000 -0.010416666666667 0.000000000000000 0.015625000000000 0.026041666666667 0.000000000000000 0.005208333333333 
-0.044270833333333 -0.010416666666667 0.007812500000000 0.000000000000000 0.015625000000000 0.000000000000000 0.026041666666667 0.005208333333333 
-0.020833333333333 0.000000000000000 0.000000000000000 0.005208333333333 -0.000000000000000 0.005208333333333 0.005208333333333 0.005208333333333 

0.138020833333333 0.035156250000000 0.003906250000000 -0.052083333333333 -0.005208333333333 -0.070312500000000 -0.007812500000000 -0.041666666666667 
0.035156250000000 0.063802083333333 -0.010416666666667 -0.018229166666667 -0.020833333333333 -0.018229166666667 -0.010416666666667 -0.020833333333333 
0.003906250000000 -0.010416666666667 0.006510416666667 0.007812500000000 0.000000000000000 -0.010416666666667 0.002604166666667 0.000000000000000 
-0.052083333333333 -0.018229166666667 0.007812500000000 0.109375000000000 -0.020833333333333 -0.041666666666667 -0.000000000000000 0.015625000000000 
-0.005208333333333 -0.020833333333333 0.000000000000000 -0.020833333333333 0.026041666666667 0.015625000000000 0.005208333333333 0.000000000000000 
-0.070312500000000 -0.018229166666667 -0.010416666666667 -0.041666666666667 0.015625000000000 0.109375000000000 -0.000000000000000 0.015625000000000 
-0.007812500000000 -0.010416666666667 0.002604166666667 -0.000000000000000 0.005208333333333 -0.000000000000000 0.005208333333333 0.005208333333333 
-0.041666666666667 -0.020833333333333 0.000000000000000 0.015625000000000 0.000000000000000 0.015625000000000 0.005208333333333 0.026041666666667 

0.138020833333333 0.003906250000000 0.035156250000000 -0.052083333333333 -0.005208333333333 -0.007812500000000 -0.070312500000000 -0.041666666666667 
0.003906250000000 0.006510416666667 -0.010416666666667 0.007812500000000 0.000000000000000 0.002604166666667 -0.010416666666667 0.000000000000000 
0.035156250000000 -0.010416666666667 0.063802083333333 -0.018229166666667 -0.020833333333333 -0.010416666666667 -0.018229166666667 -0.020833333333333 
-0.052083333333333 0.007812500000000 -0.018229166666667 0.109375000000000 -0.020833333333333 0.000000000000000 -0.041666666666667 0.015625000000000 
-0.005208333333333 0.000000000000000 -0.020833333333333 -0.020833333333333 0.026041666666667 0.005208333333333 0.015625000000000 0.000000000000000 
-0.007812500000000 0.002604166666667 -0.010416666666667 0.000000000000000 0.005208333333333 0.005208333333333 -0.000000000000000 0.005208333333333 
-0.070312500000000 -0.010416666666667 -0.018229166666667 -0.041666666666667 0.015625000000000 -0.000000000000000 0.109375000000000 0.015625000000000 
-0.041666666666667 0.000000000000000 -0.020833333333333 0.015625000000000 0.000000000000000 0.005208333333333 0.015625000000000 0.026041666666667 

0.091145833333333 0.024739583333333 0.024739583333333 -0.078125000000000 0.005208333333333 -0.002604166666667 -0.002604166666667 -0.062500000000000 
0.024739583333333 0.027343750000000 -0.010416666666667 -0.018229166666667 0.000000000000000 0.007812500000000 -0.010416666666667 -0.020833333333333 
0.024739583333333 -0.010416666666667 0.027343750000000 -0.018229166666667 -0.000000000000000 -0.010416666666667 0.007812500000000 -0.020833333333333 
-0.078125000000000 -0.018229166666667 -0.018229166666667 0.255208333333333 -0.020833333333333 -0.041666666666667 -0.041666666666667 -0.036458333333333 
0.005208333333333 0.000000000000000 -0.000000000000000 -0.020833333333333 0.005208333333333 0.005208333333333 0.005208333333333 -0.000000000000000 
-0.002604166666667 0.007812500000000 -0.010416666666667 -0.041666666666667 0.005208333333333 0.026041666666667 0.000000000000000 0.015625000000000 
-0.002604166666667 -0.010416666666667 0.007812500000000 -0.041666666666667 0.005208333333333 0.000000000000000 0.026041666666667 0.015625000000000 
-0.062500000000000 -0.020833333333333 -0.020833333333333 -0.036458333333333 -0.000000000000000 0.015625000000000 0.015625000000000 0.109375000000000 

0.153645833333333 0.014322916666667 0.014322916666667 0.005208333333333 -0.078125000000000 -0.044270833333333 -0.044270833333333 -0.020833333333333 
0.014322916666667 0.006510416666667 0.000000000000000 0.002604166666667 -0.020833333333333 0.007812500000000 -0.010416666666667 0.000000000000000 
0.014322916666667 0.000000000000000 0.006510416666667 0.002604166666667 -0.020833333333333 -0.010416666666667 0.007812500000000 0.000000000000000 
0.005208333333333 0.002604166666667 0.002604166666667 0.005208333333333 -0.020833333333333 0.000000000000000 0.000000000000000 0.005208333333333 
-0.078125000000000 -0.020833333333333 -0.020833333333333 -0.020833333333333 0.255208333333333 -0.036458333333333 -0.036458333333333 -0.041666666666667 
-0.044270833333333 0.007812500000000 -0.010416666666667 0.000000000000000 -0.036458333333333 0.109375000000000 -0.041666666666667 0.015625000000000 
-0.044270833333333 -0.010416666666667 0.007812500000000 0.000000000000000 -0.036458333333333 -0.041666666666667 0.109375000000000 0.015625000000000 
-0.020833333333333 0.000000000000000 0.000000000000000 0.005208333333333 -0.041666666666667 0.015625000000000 0.015625000000000 0.026041666666667 

0.075520833333333 0.035156250000000 0.003906250000000 0.010416666666667 -0.005208333333333 -0.070312500000000 -0.007812500000000 -0.041666666666667 
0.035156250000000 0.027343750000000 -0.000000000000000 0.007812500000000 -0.020833333333333 -0.018229166666667 -0.010416666666667 -0.020833333333333 
0.003906250000000 -0.000000000000000 0.001302083333333 0.002604166666667 -0.000000000000000 -0.010416666666667 0.002604166666667 -0.000000000000000 
0.010416666666667 0.007812500000000 0.002604166666667 0.026041666666667 -0.020833333333333 -0.041666666666667 0.000000000000000 0.015625000000000 
-0.005208333333333 -0.020833333333333 -0.000000000000000 -0.020833333333333 0.109375000000000 -0.036458333333333 0.015625000000000 -0.041666666666667 
-0.070312500000000 -0.018229166666667 -0.010416666666667 -0.041666666666667 -0.036458333333333 0.255208333333333 -0.041666666666667 -0.036458333333333 
-0.007812500000000 -0.010416666666667 0.002604166666667 0.000000000000000 0.015625000000000 -0.041666666666667 0.026041666666667 0.015625000000000 
-0.041666666666667 -0.020833333333333 -0.000000000000000 0.015625000000000 -0.041666666666667 -0.036458333333333 0.015625000000000 0.109375000000000 

0.075520833333333 0.003906250000000 0.035156250000000 0.010416666666667 -0.005208333333333 -0.007812500000000 -0.070312500000000 -0.041666666666667 
0.003906250000000 0.001302083333333 -0.000000000000000 0.002604166666667 0.000000000000000 0.002604166666667 -0.010416666666667 -0.000000000000000 
0.035156250000000 -0.000000000000000 0.027343750000000 0.007812500000000 -0.020833333333333 -0.010416666666667 -0.018229166666667 -0.020833333333333 
0.010416666666667 0.002604166666667 0.007812500000000 0.026041666666667 -0.020833333333333 0.000000000000000 -0.041666666666667 0.015625000000000 
-0.005208333333333 0.000000000000000 -0.020833333333333 -0.020833333333333 0.109375000000000 0.015625000000000 -0.036458333333333 -0.041666666666667 
-0.007812500000000 0.002604166666667 -0.010416666666667 0.000000000000000 0.015625000000000 0.026041666666667 -0.041666666666667 0.015625000000000 
-0.070312500000000 -0.010416666666667 -0.018229166666667 -0.041666666666667 -0.036458333333333 -0.041666666666667 0.255208333333333 -0.036458333333333 
-0.041666666666667 -0.000000000000000 -0.020833333333333 0.015625000000000 -0.041666666666667 0.015625000000000 -0.036458333333333 0.109375000000000 

0.028645833333333 0.009114583333333 0.009114583333333 0.015625000000000 0.005208333333333 -0.002604166666667 -0.002604166666667 -0.062500000000000 
0.009114583333333 0.006510416666667 0.000000000000000 0.007812500000000 0.000000000000000 0.007812500000000 -0.010416666666667 -0.020833333333333 
0.009114583333333 0.000000000000000 0.006510416666667 0.007812500000000 0.000000000000000 -0.010416666666667 0.007812500000000 -0.020833333333333 
0.015625000000000 0.007812500000000 0.007812500000000 0.109375000000000 -0.020833333333333 -0.041666666666667 -0.041666666666667 -0.036458333333333 
0.005208333333333 0.000000000000000 0.000000000000000 -0.020833333333333 0.026041666666667 0.015625000000000 0.015625000000000 -0.041666666666667 
-0.002604166666667 0.007812500000000 -0.010416666666667 -0.041666666666667 0.015625000000000 0.109375000000000 -0.041666666666667 -0.036458333333333 
-0.002604166666667 -0.010416666666667 0.007812500000000 -0.041666666666667 0.015625000000000 -0.041666666666667 0.109375000000000 -0.036458333333333 
-0.062500000000000 -0.020833333333333 -0.020833333333333 -0.036458333333333 -0.041666666666667 -0.036458333333333 -0.036458333333333 0.255208333333333 


0.246093750000000 -0.057291666666667 -0.057291666666667 -0.052083333333333 0.009114583333333 -0.033854166666667 -0.033854166666667 -0.020833333333333 
-0.057291666666667 0.109375000000000 -0.041666666666667 0.015625000000000 -0.020833333333333 0.015625000000000 -0.020833333333333 0.000000000000000 
-0.057291666666667 -0.041666666666667 0.109375000000000 0.015625000000000 -0.020833333333333 -0.020833333333333 0.015625000000000 0.000000000000000 
-0.052083333333333 0.015625000000000 0.015625000000000 0.026041666666667 -0.010416666666667 0.000000000000000 0.000000000000000 0.005208333333333 
0.009114583333333 -0.020833333333333 -0.020833333333333 -0.010416666666667 0.027343750000000 0.007812500000000 0.007812500000000 -0.000000000000000 
-0.033854166666667 0.015625000000000 -0.020833333333333 0.000000000000000 0.007812500000000 0.026041666666667 0.000000000000000 0.005208333333333 
-0.033854166666667 -0.020833333333333 0.015625000000000 0.000000000000000 0.007812500000000 0.000000000000000 0.026041666666667 0.005208333333333 
-0.020833333333333 0.000000000000000 0.000000000000000 0.005208333333333 -0.000000000000000 0.005208333333333 0.005208333333333 0.005208333333333 

0.131510416666667 -0.057291666666667 0.015625000000000 -0.052083333333333 0.014322916666667 -0.033854166666667 0.002604166666667 -0.020833333333333 
-0.057291666666667 0.255208333333333 -0.041666666666667 -0.036458333333333 -0.020833333333333 -0.036458333333333 -0.020833333333333 -0.041666666666667 
0.015625000000000 -0.041666666666667 0.026041666666667 0.015625000000000 0.000000000000000 -0.020833333333333 0.005208333333333 0.000000000000000 
-0.052083333333333 -0.036458333333333 0.015625000000000 0.109375000000000 -0.010416666666667 -0.041666666666667 -0.000000000000000 0.015625000000000 
