

0.198495370370370 0.056712962962963 0.056712962962963 0.016203703703704 0.056712962962963 0.016203703703704 0.016203703703704 0.004629629629630 
0.056712962962963 0.028356481481481 0.016203703703704 0.008101851851852 0.016203703703704 0.008101851851852 0.004629629629630 0.002314814814815 
0.056712962962963 0.016203703703704 0.028356481481481 0.008101851851852 0.016203703703704 0.004629629629630 0.008101851851852 0.002314814814815 
0.016203703703704 0.008101851851852 0.008101851851852 0.004050925925926 0.004629629629630 0.002314814814815 0.002314814814815 0.001157407407407 
0.056712962962963 0.016203703703704 0.016203703703704 0.004629629629630 0.028356481481481 0.008101851851852 0.008101851851852 0.002314814814815 
0.016203703703704 0.008101851851852 0.004629629629630 0.002314814814815 0.008101851851852 0.004050925925926 0.002314814814815 0.001157407407407 
0.016203703703704 0.004629629629630 0.008101851851852 0.002314814814815 0.008101851851852 0.002314814814815 0.004050925925926 0.001157407407407 
0.004629629629630 0.002314814814815 0.002314814814815 0.001157407407407 0.002314814814815 0.001157407407407 0.001157407407407 0.000578703703704 

0.028356481481481 0.056712962962963 0.008101851851852 0.016203703703704 0.008101851851852 0.016203703703704 0.002314814814815 0.004629629629630 
0.056712962962963 0.198495370370370 0.016203703703704 0.056712962962963 0.016203703703704 0.056712962962963 0.004629629629630 0.016203703703704 
0.008101851851852 0.016203703703704 0.004050925925926 0.008101851851852 0.002314814814815 0.004629629629630 0.001157407407407 0.002314814814815 
0.016203703703704 0.056712962962963 0.008101851851852 0.028356481481481 0.004629629629630 0.016203703703704 0.002314814814815 0.008101851851852 
0.008101851851852 0.016203703703704 0.002314814814815 0.004629629629630 0.004050925925926 0.008101851851852 0.001157407407407 0.002314814814815 
0.016203703703704 0.056712962962963 0.004629629629630 0.016203703703704 0.008101851851852 0.028356481481481 0.002314814814815 0.008101851851852 
0.002314814814815 0.004629629629630 0.001157407407407 0.002314814814815 0.001157407407407 0.002314814814815 0.000578703703704 0.001157407407407 
0.004629629629630 0.016203703703704 0.002314814814815 0.008101851851852 0.002314814814815 0.008101851851852 0.001157407407407 0.004050925925926 

0.028356481481481 0.008101851851852 0.056712962962963 0.016203703703704 0.008101851851852 0.002314814814815 0.016203703703704 0.004629629629630 
0.008101851851852 0.004050925925926 0.016203703703704 0.008101851851852 0.002314814814815 0.001157407407407 0.004629629629630 0.002314814814815 
0.056712962962963 0.016203703703704 0.198495370370370 0.056712962962963 0.016203703703704 0.004629629629630 0.056712962962963 0.016203703703704 
0.016203703703704 0.008101851851852 0.056712962962963 0.028356481481481 0.004629629629630 0.002314814814815 0.016203703703704 0.008101851851852 
0.008101851851852 0.002314814814815 0.016203703703704 0.004629629629630 0.004050925925926 0.001157407407407 0.008101851851852 0.002314814814815 
0.002314814814815 0.001157407407407 0.004629629629630 0.002314814814815 0.001157407407407 0.000578703703704 0.002314814814815 0.001157407407407 
0.016203703703704 0.004629629629630 0.056712962962963 0.016203703703704 0.008101851851852 0.002314814814815 0.028356481481481 0.008101851851852 
0.004629629629630 0.002314814814815 0.016203703703704 0.008101851851852 0.002314814814815 0.001157407407407 0.008101851851852 0.004050925925926 

0.004050925925926 0.008101851851852 0.008101851851852 0.016203703703704 0.001157407407407 0.002314814814815 0.002314814814815 0.004629629629630 
0.008101851851852 0.028356481481481 0.016203703703704 0.056712962962963 0.002314814814815 0.008101851851852 0.004629629629630 0.016203703703704 
0.008101851851852 0.016203703703704 0.028356481481481 0.056712962962963 0.002314814814815 0.004629629629630 0.008101851851852 0.016203703703704 
0.016203703703704 0.056712962962963 0.056712962962963 0.198495370370370 0.004629629629630 0.016203703703704 0.016203703703704 0.056712962962963 
0.001157407407407 0.002314814814815 0.002314814814815 0.004629629629630 0.000578703703704 0.001157407407407 0.001157407407407 0.002314814814815 
0.002314814814815 0.008101851851852 0.004629629629630 0.016203703703704 0.001157407407407 0.004050925925926 0.002314814814815 0.008101851851852 
0.002314814814815 0.004629629629630 0.008101851851852 0.016203703703704 0.001157407407407 0.002314814814815 0.004050925925926 0.008101851851852 
0.004629629629630 0.016203703703704 0.016203703703704 0.056712962962963 0.002314814814815 0.008101851851852 0.008101851851852 0.028356481481481 

0.028356481481481 0.008101851851852 0.008101851851852 0.002314814814815 0.056712962962963 0.016203703703704 0.016203703703704 0.004629629629630 
0.008101851851852 0.004050925925926 0.002314814814815 0.001157407407407 0.016203703703704 0.008101851851852 0.004629629629630 0.002314814814815 
0.008101851851852 0.002314814814815 0.004050925925926 0.001157407407407 0.016203703703704 0.004629629629630 0.008101851851852 0.002314814814815 
0.002314814814815 0.001157407407407 0.001157407407407 0.000578703703704 0.004629629629630 0.002314814814815 0.002314814814815 0.001157407407407 
0.056712962962963 0.016203703703704 0.016203703703704 0.004629629629630 0.198495370370370 0.056712962962963 0.056712962962963 0.016203703703704 
0.016203703703704 0.008101851851852 0.004629629629630 0.002314814814815 0.056712962962963 0.028356481481481 0.016203703703704 0.008101851851852 
0.016203703703704 0.004629629629630 0.008101851851852 0.002314814814815 0.056712962962963 0.016203703703704 0.028356481481481 0.008101851851852 
0.004629629629630 0.002314814814815 0.002314814814815 0.001157407407407 0.016203703703704 0.008101851851852 0.008101851851852 0.004050925925926 

0.004050925925926 0.008101851851852 0.001157407407407 0.002314814814815 0.008101851851852 0.016203703703704 0.002314814814815 0.004629629629630 
0.008101851851852 0.028356481481481 0.002314814814815 0.008101851851852 0.016203703703704 0.056712962962963 0.004629629629630 0.016203703703704 
0.001157407407407 0.002314814814815 0.000578703703704 0.001157407407407 0.002314814814815 0.004629629629630 0.001157407407407 0.002314814814815 
0.002314814814815 0.008101851851852 0.001157407407407 0.004050925925926 0.004629629629630 0.016203703703704 0.002314814814815 0.008101851851852 
0.008101851851852 0.016203703703704 0.002314814814815 0.004629629629630 0.028356481481481 0.056712962962963 0.008101851851852 0.016203703703704 
0.016203703703704 0.056712962962963 0.004629629629630 0.016203703703704 0.056712962962963 0.198495370370370 0.016203703703704 0.056712962962963 
0.002314814814815 0.004629629629630 0.001157407407407 0.002314814814815 0.008101851851852 0.016203703703704 0.004050925925926 0.008101851851852 
0.004629629629630 0.016203703703704 0.002314814814815 0.008101851851852 0.016203703703704 0.056712962962963 0.008101851851852 0.028356481481481 

0.004050925925926 0.001157407407407 0.008101851851852 0.002314814814815 0.008101851851852 0.002314814814815 0.016203703703704 0.004629629629630 
0.001157407407407 0.000578703703704 0.002314814814815 0.001157407407407 0.002314814814815 0.001157407407407 0.004629629629630 0.002314814814815 
0.008101851851852 0.002314814814815 0.028356481481481 0.008101851851852 0.016203703703704 0.004629629629630 0.056712962962963 0.016203703703704 
0.002314814814815 0.001157407407407 0.008101851851852 0.004050925925926 0.004629629629630 0.002314814814815 0.016203703703704 0.008101851851852 
0.008101851851852 0.002314814814815 0.016203703703704 0.004629629629630 0.028356481481481 0.008101851851852 0.056712962962963 0.016203703703704 
0.002314814814815 0.001157407407407 0.004629629629630 0.002314814814815 0.008101851851852 0.004050925925926 0.016203703703704 0.008101851851852 
0.016203703703704 0.004629629629630 0.056712962962963 0.016203703703704 0.056712962962963 0.016203703703704 0.198495370370370 0.056712962962963 
0.004629629629630 0.002314814814815 0.016203703703704 0.008101851851852 0.016203703703704 0.008101851851852 0.056712962962963 0.028356481481481 

0.000578703703704 0.001157407407407 0.001157407407407 0.002314814814815 0.001157407407407 0.002314814814815 0.002314814814815 0.004629629629630 
0.001157407407407 0.004050925925926 0.002314814814815 0.008101851851852 0.002314814814815 0.008101851851852 0.004629629629630 0.016203703703704 
0.001157407407407 0.002314814814815 0.004050925925926 0.008101851851852 0.002314814814815 0.004629629629630 0.008101851851852 0.016203703703704 
0.002314814814815 0.008101851851852 0.008101851851852 0.028356481481481 0.004629629629630 0.016203703703704 0.016203703703704 0.056712962962963 
0.001157407407407 0.002314814814815 0.002314814814815 0.004629629629630 0.004050925925926 0.008101851851852 0.008101851851852 0.016203703703704 
0.002314814814815 0.008101851851852 0.004629629629630 0.016203703703704 0.008101851851852 0.028356481481481 0.016203703703704 0.056712962962963 
0.002314814814815 0.004629629629630 0.008101851851852 0.016203703703704 0.008101851851852 0.016203703703704 0.028356481481481 0.056712962962963 
0.004629629629630 0.016203703703704 0.016203703703704 0.056712962962963 0.016203703703704 0.056712962962963 0.056712962962963 0.198495370370370 


0.262297453703704 0.064814814814815 0.035445601851852 0.020254629629630 0.064814814814815 0.018518518518519 0.020254629629630 0.005787037037037 
0.064814814814815 0.028356481481481 0.008101851851852 0.008101851851852 0.016203703703704 0.008101851851852 0.004629629629630 0.002314814814815 
0.035445601851852 0.008101851851852 0.007089120370370 0.004050925925926 0.008101851851852 0.002314814814815 0.004050925925926 0.001157407407407 
0.020254629629630 0.008101851851852 0.004050925925926 0.004050925925926 0.004629629629630 0.002314814814815 0.002314814814815 0.001157407407407 
0.064814814814815 0.016203703703704 0.008101851851852 0.004629629629630 0.028356481481481 0.008101851851852 0.008101851851852 0.002314814814815 
0.018518518518519 0.008101851851852 0.002314814814815 0.002314814814815 0.008101851851852 0.004050925925926 0.002314814814815 0.001157407407407 
0.020254629629630 0.004629629629630 0.004050925925926 0.002314814814815 0.008101851851852 0.002314814814815 0.004050925925926 0.001157407407407 
0.005787037037037 0.002314814814815 0.001157407407407 0.001157407407407 0.002314814814815 0.001157407407407 0.001157407407407 0.000578703703704 

0.037471064814815 0.064814814814815 0.005063657407407 0.020254629629630 0.009259259259259 0.018518518518519 0.002893518518519 0.005787037037037 
0.064814814814815 0.198495370370370 0.008101851851852 0.056712962962963 0.016203703703704 0.056712962962963 0.004629629629630 0.016203703703704 
0.005063657407407 0.008101851851852 0.001012731481481 0.004050925925926 0.001157407407407 0.002314814814815 0.000578703703704 0.001157407407407 
0.020254629629630 0.056712962962963 0.004050925925926 0.028356481481481 0.004629629629630 0.016203703703704 0.002314814814815 0.008101851851852 
0.009259259259259 0.016203703703704 0.001157407407407 0.004629629629630 0.004050925925926 0.008101851851852 0.001157407407407 0.002314814814815 
0.018518518518519 0.056712962962963 0.002314814814815 0.016203703703704 0.008101851851852 0.028356481481481 0.002314814814815 0.008101851851852 
0.002893518518519 0.004629629629630 0.000578703703704 0.002314814814815 0.001157407407407 0.002314814814815 0.000578703703704 0.001157407407407 
0.005787037037037 0.016203703703704 0.001157407407407 0.008101851851852 0.002314814814815 0.008101851851852 0.001157407407407 0.004050925925926 

0.134693287037037 0.016203703703704 0.077980324074074 0.044560185185185 0.016203703703704 0.004629629629630 0.044560185185185 0.012731481481481 
0.016203703703704 0.004050925925926 0.008101851851852 0.008101851851852 0.002314814814815 0.001157407407407 0.004629629629630 0.002314814814815 
0.077980324074074 0.008101851851852 0.049623842592593 0.028356481481481 0.008101851851852 0.002314814814815 0.028356481481481 0.008101851851852 
0.044560185185185 0.008101851851852 0.028356481481481 0.028356481481481 0.004629629629630 0.002314814814815 0.016203703703704 0.008101851851852 
0.016203703703704 0.002314814814815 0.008101851851852 0.004629629629630 0.004050925925926 0.001157407407407 0.008101851851852 0.002314814814815 
0.004629629629630 0.001157407407407 0.002314814814815 0.002314814814815 0.001157407407407 0.000578703703704 0.002314814814815 0.001157407407407 
0.044560185185185 0.004629629629630 0.028356481481481 0.016203703703704 0.008101851851852 0.002314814814815 0.028356481481481 0.008101851851852 
0.012731481481481 0.002314814814815 0.008101851851852 0.008101851851852 0.002314814814815 0.001157407407407 0.008101851851852 0.004050925925926 

0.019241898148148 0.016203703703704 0.011140046296296 0.044560185185185 0.002314814814815 0.004629629629630 0.006365740740741 0.012731481481481 
0.016203703703704 0.028356481481481 0.008101851851852 0.056712962962963 0.002314814814815 0.008101851851852 0.004629629629630 0.016203703703704 
0.011140046296296 0.008101851851852 0.007089120370370 0.028356481481481 0.001157407407407 0.002314814814815 0.004050925925926 0.008101851851852 
0.044560185185185 0.056712962962963 0.028356481481481 0.198495370370370 0.004629629629630 0.016203703703704 0.016203703703704 0.056712962962963 
0.002314814814815 0.002314814814815 0.001157407407407 0.004629629629630 0.000578703703704 0.001157407407407 0.001157407407407 0.002314814814815 
0.004629629629630 0.008101851851852 0.002314814814815 0.016203703703704 0.001157407407407 0.004050925925926 0.002314814814815 0.008101851851852 
0.006365740740741 0.004629629629630 0.004050925925926 0.016203703703704 0.001157407407407 0.002314814814815 0.004050925925926 0.008101851851852 
0.012731481481481 0.016203703703704 0.008101851851852 0.056712962962963 0.002314814814815 0.008101851851852 0.008101851851852 0.028356481481481 

0.037471064814815 0.009259259259259 0.005063657407407 0.002893518518519 0.064814814814815 0.018518518518519 0.020254629629630 0.005787037037037 
0.009259259259259 0.004050925925926 0.001157407407407 0.001157407407407 0.016203703703704 0.008101851851852 0.004629629629630 0.002314814814815 
0.005063657407407 0.001157407407407 0.001012731481481 0.000578703703704 0.008101851851852 0.002314814814815 0.004050925925926 0.001157407407407 
0.002893518518519 0.001157407407407 0.000578703703704 0.000578703703704 0.004629629629630 0.002314814814815 0.002314814814815 0.001157407407407 
0.064814814814815 0.016203703703704 0.008101851851852 0.004629629629630 0.198495370370370 0.056712962962963 0.056712962962963 0.016203703703704 
0.018518518518519 0.008101851851852 0.002314814814815 0.002314814814815 0.056712962962963 0.028356481481481 0.016203703703704 0.008101851851852 
0.020254629629630 0.004629629629630 0.004050925925926 0.002314814814815 0.056712962962963 0.016203703703704 0.028356481481481 0.008101851851852 
0.005787037037037 0.002314814814815 0.001157407407407 0.001157407407407 0.016203703703704 0.008101851851852 0.008101851851852 0.004050925925926 

0.005353009259259 0.009259259259259 0.000723379629630 0.002893518518519 0.009259259259259 0.018518518518519 0.002893518518519 0.005787037037037 
0.009259259259259 0.028356481481481 0.001157407407407 0.008101851851852 0.016203703703704 0.056712962962963 0.004629629629630 0.016203703703704 
0.000723379629630 0.001157407407407 0.000144675925926 0.000578703703704 0.001157407407407 0.002314814814815 0.000578703703704 0.001157407407407 
0.002893518518519 0.008101851851852 0.000578703703704 0.004050925925926 0.004629629629630 0.016203703703704 0.002314814814815 0.008101851851852 
0.009259259259259 0.016203703703704 0.001157407407407 0.004629629629630 0.028356481481481 0.056712962962963 0.008101851851852 0.016203703703704 
0.018518518518519 0.056712962962963 0.002314814814815 0.016203703703704 0.056712962962963 0.198495370370370 0.016203703703704 0.056712962962963 
0.002893518518519 0.004629629629630 0.000578703703704 0.002314814814815 0.008101851851852 0.016203703703704 0.004050925925926 0.008101851851852 
0.005787037037037 0.016203703703704 0.001157407407407 0.008101851851852 0.016203703703704 0.056712962962963 0.008101851851852 0.028356481481481 

0.019241898148148 0.002314814814815 0.011140046296296 0.006365740740741 0.016203703703704 0.004629629629630 0.044560185185185 0.012731481481481 
0.002314814814815 0.000578703703704 0.001157407407407 0.001157407407407 0.002314814814815 0.001157407407407 0.004629629629630 0.002314814814815 
0.011140046296296 0.001157407407407 0.007089120370370 0.004050925925926 0.008101851851852 0.002314814814815 0.028356481481481 0.008101851851852 
0.006365740740741 0.001157407407407 0.004050925925926 0.004050925925926 0.004629629629630 0.002314814814815 0.016203703703704 0.008101851851852 
0.016203703703704 0.002314814814815 0.008101851851852 0.004629629629630 0.028356481481481 0.008101851851852 0.056712962962963 0.016203703703704 
0.004629629629630 0.001157407407407 0.002314814814815 0.002314814814815 0.008101851851852 0.004050925925926 0.016203703703704 0.008101851851852 
0.044560185185185 0.004629629629630 0.028356481481481 0.016203703703704 0.056712962962963 0.016203703703704 0.198495370370370 0.056712962962963 
0.012731481481481 0.002314814814815 0.008101851851852 0.008101851851852 0.016203703703704 0.008101851851852 0.056712962962963 0.028356481481481 

0.002748842592593 0.002314814814815 0.001591435185185 0.006365740740741 0.002314814814815 0.004629629629630 0.006365740740741 0.012731481481481 
0.002314814814815 0.004050925925926 0.001157407407407 0.008101851851852 0.002314814814815 0.008101851851852 0.004629629629630 0.016203703703704 
0.001591435185185 0.001157407407407 0.001012731481481 0.004050925925926 0.001157407407407 0.002314814814815 0.004050925925926 0.008101851851852 
0.006365740740741 0.008101851851852 0.004050925925926 0.028356481481481 0.004629629629630 0.016203703703704 0.016203703703704 0.056712962962963 
0.002314814814815 0.002314814814815 0.001157407407407 0.004629629629630 0.004050925925926 0.008101851851852 0.008101851851852 0.016203703703704 
0.004629629629630 0.008101851851852 0.002314814814815 0.016203703703704 0.008101851851852 0.028356481481481 0.016203703703704 0.056712962962963 
0.006365740740741 0.004629629629630 0.004050925925926 0.016203703703704 0.008101851851852 0.016203703703704 0.028356481481481 0.056712962962963 
0.012731481481481 0.016203703703704 0.008101851851852 0.056712962962963 0.016203703703704 0.056712962962963 0.056712962962963 0.198495370370370 


0.262297453703704 0.035445601851852 0.064814814814815 0.020254629629630 0.064814814814815 0.020254629629630 0.018518518518519 0.005787037037037 
0.035445601851852 0.007089120370370 0.008101851851852 0.004050925925926 0.008101851851852 0.004050925925926 0.002314814814815 0.001157407407407 
0.064814814814815 0.008101851851852 0.028356481481481 0.008101851851852 0.016203703703704 0.004629629629630 0.008101851851852 0.002314814814815 
0.020254629629630 0.004050925925926 0.008101851851852 0.004050925925926 0.004629629629630 0.002314814814815 0.002314814814815 0.001157407407407 
0.064814814814815 0.008101851851852 0.016203703703704 0.004629629629630 0.028356481481481 0.008101851851852 0.008101851851852 0.002314814814815 
0.020254629629630 0.004050925925926 0.004629629629630 0.002314814814815 0.008101851851852 0.004050925925926 0.002314814814815 0.001157407407407 
0.018518518518519 0.002314814814815 0.008101851851852 0.002314814814815 0.008101851851852 0.002314814814815 0.004050925925926 0.001157407407407 
0.005787037037037 0.001157407407407 0.002314814814815 0.001157407407407 0.002314814814815 0.001157407407407 0.001157407407407 0.000578703703704 

0.134693287037037 0.077980324074074 0.016203703703704 0.044560185185185 0.016203703703704 0.044560185185185 0.004629629629630 0.012731481481481 
0.077980324074074 0.049623842592593 0.008101851851852 0.028356481481481 0.008101851851852 0.028356481481481 0.002314814814815 0.008101851851852 
0.016203703703704 0.008101851851852 0.004050925925926 0.008101851851852 0.002314814814815 0.004629629629630 0.001157407407407 0.002314814814815 
0.044560185185185 0.028356481481481 0.008101851851852 0.028356481481481 0.004629629629630 0.016203703703704 0.002314814814815 0.008101851851852 
0.016203703703704 0.008101851851852 0.002314814814815 0.004629629629630 0.004050925925926 0.008101851851852 0.001157407407407 0.002314814814815 
0.044560185185185 0.028356481481481 0.004629629629630 0.016203703703704 0.008101851851852 0.028356481481481 0.002314814814815 0.008101851851852 
0.004629629629630 0.002314814814815 0.001157407407407 0.002314814814815 0.001157407407407 0.002314814814815 0.000578703703704 0.001157407407407 
0.012731481481481 0.008101851851852 0.002314814814815 0.008101851851852 0.002314814814815 0.008101851851852 0.001157407407407 0.004050925925926 

0.037471064814815 0.005063657407407 0.064814814814815 0.020254629629630 0.009259259259259 0.002893518518519 0.018518518518519 0.005787037037037 
0.005063657407407 0.001012731481481 0.008101851851852 0.004050925925926 0.001157407407407 0.000578703703704 0.002314814814815 0.001157407407407 
0.064814814814815 0.008101851851852 0.198495370370370 0.056712962962963 0.016203703703704 0.004629629629630 0.056712962962963 0.016203703703704 
0.020254629629630 0.004050925925926 0.056712962962963 0.028356481481481 0.004629629629630 0.002314814814815 0.016203703703704 0.008101851851852 
0.009259259259259 0.001157407407407 0.016203703703704 0.004629629629630 0.004050925925926 0.001157407407407 0.008101851851852 0.002314814814815 
0.002893518518519 0.000578703703704 0.004629629629630 0.002314814814815 0.001157407407407 0.000578703703704 0.002314814814815 0.001157407407407 
0.018518518518519 0.002314814814815 0.056712962962963 0.016203703703704 0.008101851851852 0.002314814814815 0.028356481481481 0.008101851851852 
0.005787037037037 0.001157407407407 0.016203703703704 0.008101851851852 0.002314814814815 0.001157407407407 0.008101851851852 0.004050925925926 

0.019241898148148 0.011140046296296 0.016203703703704 0.044560185185185 0.002314814814815 0.006365740740741 0.004629629629630 0.012731481481481 
0.011140046296296 0.007089120370370 0.008101851851852 0.028356481481481 0.001157407407407 0.004050925925926 0.002314814814815 0.008101851851852 
0.016203703703704 0.008101851851852 0.028356481481481 0.056712962962963 0.002314814814815 0.004629629629630 0.008101851851852 0.016203703703704 
0.044560185185185 0.028356481481481 0.056712962962963 0.198495370370370 0.004629629629630 0.016203703703704 0.016203703703704 0.056712962962963 
0.002314814814815 0.001157407407407 0.002314814814815 0.004629629629630 0.000578703703704 0.001157407407407 0.001157407407407 0.002314814814815 
0.006365740740741 0.004050925925926 0.004629629629630 0.016203703703704 0.001157407407407 0.004050925925926 0.002314814814815 0.008101851851852 
0.004629629629630 0.002314814814815 0.008101851851852 0.016203703703704 0.001157407407407 0.002314814814815 0.004050925925926 0.008101851851852 
0.012731481481481 0.008101851851852 0.016203703703704 0.056712962962963 0.002314814814815 0.008101851851852 0.008101851851852 0.028356481481481 

0.037471064814815 0.005063657407407 0.009259259259259 0.002893518518519 0.064814814814815 0.020254629629630 0.018518518518519 0.005787037037037 
0.005063657407407 0.001012731481481 0.001157407407407 0.000578703703704 0.008101851851852 0.004050925925926 0.002314814814815 0.001157407407407 
0.009259259259259 0.001157407407407 0.004050925925926 0.001157407407407 0.016203703703704 0.004629629629630 0.008101851851852 0.002314814814815 
0.002893518518519 0.000578703703704 0.001157407407407 0.000578703703704 0.004629629629630 0.002314814814815 0.002314814814815 0.001157407407407 
0.064814814814815 0.008101851851852 0.016203703703704 0.004629629629630 0.198495370370370 0.056712962962963 0.056712962962963 0.016203703703704 
0.020254629629630 0.004050925925926 0.004629629629630 0.002314814814815 0.056712962962963 0.028356481481481 0.016203703703704 0.008101851851852 
0.018518518518519 0.002314814814815 0.008101851851852 0.002314814814815 0.056712962962963 0.016203703703704 0.028356481481481 0.008101851851852 
0.005787037037037 0.001157407407407 0.002314814814815 0.001157407407407 0.016203703703704 0.008101851851852 0.008101851851852 0.004050925925926 

0.019241898148148 0.011140046296296 0.002314814814815 0.006365740740741 0.016203703703704 0.044560185185185 0.004629629629630 0.012731481481481 
0.011140046296296 0.007089120370370 0.001157407407407 0.004050925925926 0.008101851851852 0.028356481481481 0.002314814814815 0.008101851851852 
0.002314814814815 0.001157407407407 0.000578703703704 0.001157407407407 0.002314814814815 0.004629629629630 0.001157407407407 0.002314814814815 
0.006365740740741 0.004050925925926 0.001157407407407 0.004050925925926 0.004629629629630 0.016203703703704 0.002314814814815 0.008101851851852 
0.016203703703704 0.008101851851852 0.002314814814815 0.004629629629630 0.028356481481481 0.056712962962963 0.008101851851852 0.016203703703704 
0.044560185185185 0.028356481481481 0.004629629629630 0.016203703703704 0.056712962962963 0.198495370370370 0.016203703703704 0.056712962962963 
0.004629629629630 0.002314814814815 0.001157407407407 0.002314814814815 0.008101851851852 0.016203703703704 0.004050925925926 0.008101851851852 
0.012731481481481 0.008101851851852 0.002314814814815 0.008101851851852 0.016203703703704 0.056712962962963 0.008101851851852 0.028356481481481 

0.005353009259259 0.000723379629630 0.009259259259259 0.002893518518519 0.009259259259259 0.002893518518519 0.018518518518519 0.005787037037037 
0.000723379629630 0.000144675925926 0.001157407407407 0.000578703703704 0.001157407407407 0.000578703703704 0.002314814814815 0.001157407407407 
0.009259259259259 0.001157407407407 0.028356481481481 0.008101851851852 0.016203703703704 0.004629629629630 0.056712962962963 0.016203703703704 
0.002893518518519 0.000578703703704 0.008101851851852 0.004050925925926 0.004629629629630 0.002314814814815 0.016203703703704 0.008101851851852 
0.009259259259259 0.001157407407407 0.016203703703704 0.004629629629630 0.028356481481481 0.008101851851852 0.056712962962963 0.016203703703704 
0.002893518518519 0.000578703703704 0.004629629629630 0.002314814814815 0.008101851851852 0.004050925925926 0.016203703703704 0.008101851851852 
0.018518518518519 0.002314814814815 0.056712962962963 0.016203703703704 0.056712962962963 0.016203703703704 0.198495370370370 0.056712962962963 
0.005787037037037 0.001157407407407 0.016203703703704 0.008101851851852 0.016203703703704 0.008101851851852 0.056712962962963 0.028356481481481 

0.002748842592593 0.001591435185185 0.002314814814815 0.006365740740741 0.002314814814815 0.006365740740741 0.004629629629630 0.012731481481481 
0.001591435185185 0.001012731481481 0.001157407407407 0.004050925925926 0.001157407407407 0.004050925925926 0.002314814814815 0.008101851851852 
0.002314814814815 0.001157407407407 0.004050925925926 0.008101851851852 0.002314814814815 0.004629629629630 0.008101851851852 0.016203703703704 
0.006365740740741 0.004050925925926 0.008101851851852 0.028356481481481 0.004629629629630 0.016203703703704 0.016203703703704 0.056712962962963 
0.002314814814815 0.001157407407407 0.002314814814815 0.004629629629630 0.004050925925926 0.008101851851852 0.008101851851852 0.016203703703704 
0.006365740740741 0.004050925925926 0.004629629629630 0.016203703703704 0.008101851851852 0.028356481481481 0.016203703703704 0.056712962962963 
0.004629629629630 0.002314814814815 0.008101851851852 0.016203703703704 0.008101851851852 0.016203703703704 0.028356481481481 0.056712962962963 
0.012731481481481 0.008101851851852 0.016203703703704 0.056712962962963 0.016203703703704 0.056712962962963 0.056712962962963 0.198495370370370 


0.334201388888889 0.039496527777778 0.039496527777778 0.024305555555556 0.072916666666667 0.022569444444444 0.022569444444444 0.006944444444444 
0.039496527777778 0.007089120370370 0.004050925925926 0.004050925925926 0.008101851851852 0.004050925925926 0.002314814814815 0.001157407407407 
0.039496527777778 0.004050925925926 0.007089120370370 0.004050925925926 0.008101851851852 0.002314814814815 0.004050925925926 0.001157407407407 
0.024305555555556 0.004050925925926 0.004050925925926 0.004050925925926 0.004629629629630 0.002314814814815 0.002314814814815 0.001157407407407 
0.072916666666667 0.008101851851852 0.008101851851852 0.004629629629630 0.028356481481481 0.008101851851852 0.008101851851852 0.002314814814815 
0.022569444444444 0.004050925925926 0.002314814814815 0.002314814814815 0.008101851851852 0.004050925925926 0.002314814814815 0.001157407407407 
0.022569444444444 0.002314814814815 0.004050925925926 0.002314814814815 0.008101851851852 0.002314814814815 0.004050925925926 0.001157407407407 
0.006944444444444 0.001157407407407 0.001157407407407 0.001157407407407 0.002314814814815 0.001157407407407 0.001157407407407 0.000578703703704 

0.151909722222222 0.082031250000000 0.009114583333333 0.048611111111111 0.017361111111111 0.046875000000000 0.005208333333333 0.013888888888889 
0.082031250000000 0.049623842592593 0.004050925925926 0.028356481481481 0.008101851851852 0.028356481481481 0.002314814814815 0.008101851851852 
0.009114583333333 0.004050925925926 0.001012731481481 0.004050925925926 0.001157407407407 0.002314814814815 0.000578703703704 0.001157407407407 
0.048611111111111 0.028356481481481 0.004050925925926 0.028356481481481 0.004629629629630 0.016203703703704 0.002314814814815 0.008101851851852 
0.017361111111111 0.008101851851852 0.001157407407407 0.004629629629630 0.004050925925926 0.008101851851852 0.001157407407407 0.002314814814815 
0.046875000000000 0.028356481481481 0.002314814814815 0.016203703703704 0.008101851851852 0.028356481481481 0.002314814814815 0.008101851851852 
0.005208333333333 0.002314814814815 0.000578703703704 0.002314814814815 0.001157407407407 0.002314814814815 0.000578703703704 0.001157407407407 
0.013888888888889 0.008101851851852 0.001157407407407 0.008101851851852 0.002314814814815 0.008101851851852 0.001157407407407 0.004050925925926 

0.151909722222222 0.009114583333333 0.082031250000000 0.048611111111111 0.017361111111111 0.005208333333333 0.046875000000000 0.013888888888889 
0.009114583333333 0.001012731481481 0.004050925925926 0.004050925925926 0.001157407407407 0.000578703703704 0.002314814814815 0.001157407407407 
0.082031250000000 0.004050925925926 0.049623842592593 0.028356481481481 0.008101851851852 0.002314814814815 0.028356481481481 0.008101851851852 
0.048611111111111 0.004050925925926 0.028356481481481 0.028356481481481 0.004629629629630 0.002314814814815 0.016203703703704 0.008101851851852 
0.017361111111111 0.001157407407407 0.008101851851852 0.004629629629630 0.004050925925926 0.001157407407407 0.008101851851852 0.002314814814815 
0.005208333333333 0.000578703703704 0.002314814814815 0.002314814814815 0.001157407407407 0.000578703703704 0.002314814814815 0.001157407407407 
0.046875000000000 0.002314814814815 0.028356481481481 0.016203703703704 0.008101851851852 0.002314814814815 0.028356481481481 0.008101851851852 
0.013888888888889 0.001157407407407 0.008101851851852 0.008101851851852 0.002314814814815 0.001157407407407 0.008101851851852 0.004050925925926 

0.042534722222222 0.015190972222222 0.015190972222222 0.072916666666667 0.003472222222222 0.008680555555556 0.008680555555556 0.020833333333333 
0.015190972222222 0.007089120370370 0.004050925925926 0.028356481481481 0.001157407407407 0.004050925925926 0.002314814814815 0.008101851851852 
0.015190972222222 0.004050925925926 0.007089120370370 0.028356481481481 0.001157407407407 0.002314814814815 0.004050925925926 0.008101851851852 
0.072916666666667 0.028356481481481 0.028356481481481 0.198495370370370 0.004629629629630 0.016203703703704 0.016203703703704 0.056712962962963 
0.003472222222222 0.001157407407407 0.001157407407407 0.004629629629630 0.000578703703704 0.001157407407407 0.001157407407407 0.002314814814815 
0.008680555555556 0.004050925925926 0.002314814814815 0.016203703703704 0.001157407407407 0.004050925925926 0.002314814814815 0.008101851851852 
0.008680555555556 0.002314814814815 0.004050925925926 0.016203703703704 0.001157407407407 0.002314814814815 0.004050925925926 0.008101851851852 
0.020833333333333 0.008101851851852 0.008101851851852 0.056712962962963 0.002314814814815 0.008101851851852 0.008101851851852 0.028356481481481 

0.047743055555556 0.005642361111111 0.005642361111111 0.003472222222222 0.072916666666667 0.022569444444444 0.022569444444444 0.006944444444444 
0.005642361111111 0.001012731481481 0.000578703703704 0.000578703703704 0.008101851851852 0.004050925925926 0.002314814814815 0.001157407407407 
0.005642361111111 0.000578703703704 0.001012731481481 0.000578703703704 0.008101851851852 0.002314814814815 0.004050925925926 0.001157407407407 
0.003472222222222 0.000578703703704 0.000578703703704 0.000578703703704 0.004629629629630 0.002314814814815 0.002314814814815 0.001157407407407 
0.072916666666667 0.008101851851852 0.008101851851852 0.004629629629630 0.198495370370370 0.056712962962963 0.056712962962963 0.016203703703704 
0.022569444444444 0.004050925925926 0.002314814814815 0.002314814814815 0.056712962962963 0.028356481481481 0.016203703703704 0.008101851851852 
0.022569444444444 0.002314814814815 0.004050925925926 0.002314814814815 0.056712962962963 0.016203703703704 0.028356481481481 0.008101851851852 
0.006944444444444 0.001157407407407 0.001157407407407 0.001157407407407 0.016203703703704 0.008101851851852 0.008101851851852 0.004050925925926 

0.021701388888889 0.011718750000000 0.001302083333333 0.006944444444444 0.017361111111111 0.046875000000000 0.005208333333333 0.013888888888889 
0.011718750000000 0.007089120370370 0.000578703703704 0.004050925925926 0.008101851851852 0.028356481481481 0.002314814814815 0.008101851851852 
0.001302083333333 0.000578703703704 0.000144675925926 0.000578703703704 0.001157407407407 0.002314814814815 0.000578703703704 0.001157407407407 
0.006944444444444 0.004050925925926 0.000578703703704 0.004050925925926 0.004629629629630 0.016203703703704 0.002314814814815 0.008101851851852 
0.017361111111111 0.008101851851852 0.001157407407407 0.004629629629630 0.028356481481481 0.056712962962963 0.008101851851852 0.016203703703704 
0.046875000000000 0.028356481481481 0.002314814814815 0.016203703703704 0.056712962962963 0.198495370370370 0.016203703703704 0.056712962962963 
0.005208333333333 0.002314814814815 0.000578703703704 0.002314814814815 0.008101851851852 0.016203703703704 0.004050925925926 0.008101851851852 
0.013888888888889 0.008101851851852 0.001157407407407 0.008101851851852 0.016203703703704 0.056712962962963 0.008101851851852 0.028356481481481 

0.021701388888889 0.001302083333333 0.011718750000000 0.006944444444444 0.017361111111111 0.005208333333333 0.046875000000000 0.013888888888889 
0.001302083333333 0.000144675925926 0.000578703703704 0.000578703703704 0.001157407407407 0.000578703703704 0.002314814814815 0.001157407407407 
0.011718750000000 0.000578703703704 0.007089120370370 0.004050925925926 0.008101851851852 0.002314814814815 0.028356481481481 0.008101851851852 
0.006944444444444 0.000578703703704 0.004050925925926 0.004050925925926 0.004629629629630 0.002314814814815 0.016203703703704 0.008101851851852 
0.017361111111111 0.001157407407407 0.008101851851852 0.004629629629630 0.028356481481481 0.008101851851852 0.056712962962963 0.016203703703704 
0.005208333333333 0.000578703703704 0.002314814814815 0.002314814814815 0.008101851851852 0.004050925925926 0.016203703703704 0.008101851851852 
0.046875000000000 0.002314814814815 0.028356481481481 0.016203703703704 0.056712962962963 0.016203703703704 0.198495370370370 0.056712962962963 
0.013888888888889 0.001157407407407 0.008101851851852 0.008101851851852 0.016203703703704 0.008101851851852 0.056712962962963 0.028356481481481 

0.006076388888889 0.002170138888889 0.002170138888889 0.010416666666667 0.003472222222222 0.008680555555556 0.008680555555556 0.020833333333333 
0.002170138888889 0.001012731481481 0.000578703703704 0.004050925925926 0.001157407407407 0.004050925925926 0.002314814814815 0.008101851851852 
0.002170138888889 0.000578703703704 0.001012731481481 0.004050925925926 0.001157407407407 0.002314814814815 0.004050925925926 0.008101851851852 
0.010416666666667 0.004050925925926 0.004050925925926 0.028356481481481 0.004629629629630 0.016203703703704 0.016203703703704 0.056712962962963 
0.003472222222222 0.001157407407407 0.001157407407407 0.004629629629630 0.004050925925926 0.008101851851852 0.008101851851852 0.016203703703704 
0.008680555555556 0.004050925925926 0.002314814814815 0.016203703703704 0.008101851851852 0.028356481481481 0.016203703703704 0.056712962962963 
0.008680555555556 0.002314814814815 0.004050925925926 0.016203703703704 0.008101851851852 0.016203703703704 0.028356481481481 0.056712962962963 
0.020833333333333 0.008101851851852 0.008101851851852 0.056712962962963 0.016203703703704 0.056712962962963 0.056712962962963 0.198495370370370 


0.262297453703704 0.064814814814815 0.064814814814815 0.018518518518519 0.035445601851852 0.020254629629630 0.020254629629630 0.005787037037037 
0.064814814814815 0.028356481481481 0.016203703703704 0.008101851851852 0.008101851851852 0.008101851851852 0.004629629629630 0.002314814814815 
0.064814814814815 0.016203703703704 0.028356481481481 0.008101851851852 0.008101851851852 0.004629629629630 0.008101851851852 0.002314814814815 
0.018518518518519 0.008101851851852 0.008101851851852 0.004050925925926 0.002314814814815 0.002314814814815 0.002314814814815 0.001157407407407 
0.035445601851852 0.008101851851852 0.008101851851852 0.002314814814815 0.007089120370370 0.004050925925926 0.004050925925926 0.001157407407407 
0.020254629629630 0.008101851851852 0.004629629629630 0.002314814814815 0.004050925925926 0.004050925925926 0.002314814814815 0.001157407407407 
0.020254629629630 0.004629629629630 0.008101851851852 0.002314814814815 0.004050925925926 0.002314814814815 0.004050925925926 0.001157407407407 
0.005787037037037 0.002314814814815 0.002314814814815 0.001157407407407 0.001157407407407 0.001157407407407 0.001157407407407 0.000578703703704 

0.037471064814815 0.064814814814815 0.009259259259259 0.018518518518519 0.005063657407407 0.020254629629630 0.002893518518519 0.005787037037037 
0.064814814814815 0.198495370370370 0.016203703703704 0.056712962962963 0.008101851851852 0.056712962962963 0.004629629629630 0.016203703703704 
0.009259259259259 0.016203703703704 0.004050925925926 0.008101851851852 0.001157407407407 0.004629629629630 0.001157407407407 0.002314814814815 
0.018518518518519 0.056712962962963 0.008101851851852 0.028356481481481 0.002314814814815 0.016203703703704 0.002314814814815 0.008101851851852 
0.005063657407407 0.008101851851852 0.001157407407407 0.002314814814815 0.001012731481481 0.004050925925926 0.000578703703704 0.001157407407407 
0.020254629629630 0.056712962962963 0.004629629629630 0.016203703703704 0.004050925925926 0.028356481481481 0.002314814814815 0.008101851851852 
0.002893518518519 0.004629629629630 0.001157407407407 0.002314814814815 0.000578703703704 0.002314814814815 0.000578703703704 0.001157407407407 
0.005787037037037 0.016203703703704 0.002314814814815 0.008101851851852 0.001157407407407 0.008101851851852 0.001157407407407 0.004050925925926 

0.037471064814815 0.009259259259259 0.064814814814815 0.018518518518519 0.005063657407407 0.002893518518519 0.020254629629630 0.005787037037037 
0.009259259259259 0.004050925925926 0.016203703703704 0.008101851851852 0.001157407407407 0.001157407407407 0.004629629629630 0.002314814814815 
0.064814814814815 0.016203703703704 0.198495370370370 0.056712962962963 0.008101851851852 0.004629629629630 0.056712962962963 0.016203703703704 
